0.000000	0.000000	0.007692	0.015385	0.000390	0.000000	0.000390	0.000004
0.000000	0.038298	0.000000	-0.038462	0.000367	0.000000	0.000367	0.050236
0.000000	0.233178	0.007692	0.069231	0.000469	0.000000	0.000469	0.101199
0.000000	0.018217	0.246154	0.261538	0.000460	0.000000	0.000460	0.152118
0.000000	0.398627	0.061538	0.046154	0.000677	0.000000	0.000677	0.201539
0.000000	0.309080	0.446154	0.446154	0.000849	0.000000	0.000849	0.249391
0.000000	0.720970	0.330769	0.315385	0.001251	0.000000	0.001251	0.299276
0.000000	0.439452	0.761538	0.761538	0.001331	0.000000	0.001331	0.347166
0.000000	0.095140	0.423077	0.461538	0.001085	0.000000	0.001085	0.397770
0.000000	-0.002320	0.130769	0.100000	0.000895	0.000000	0.000895	0.445886
0.000000	0.411116	-0.023077	0.007692	0.000930	0.000000	0.000930	0.496996
0.000000	0.287026	0.423077	0.430769	0.001009	0.000000	0.001009	0.545264
0.000000	0.409786	0.284615	0.292308	0.001216	0.000000	0.001216	0.597595
0.000000	0.455179	0.407692	0.415385	0.001186	0.000000	0.001186	0.645945
0.000000	0.229128	0.461538	0.461538	0.000864	0.000000	0.000864	0.695954
0.000000	0.028472	0.238462	0.246154	0.000892	0.000000	0.000892	0.743017
0.000000	0.366691	-0.007692	0.007692	0.001196	0.000000	0.001196	0.792361
0.000000	0.531030	0.384615	0.376923	0.001188	0.000000	0.001188	0.840816
0.000000	0.866352	0.576923	0.538462	0.001321	0.000000	0.001321	0.890567
0.000000	0.348366	0.876923	0.915385	0.001038	0.000000	0.001038	0.941331
0.000000	0.260964	0.346154	0.400000	0.001190	0.000000	0.001190	0.993457
0.000000	0.266049	0.323077	0.300000	0.000817	0.000000	0.000817	1.040606
0.000000	0.383712	0.292308	0.276923	0.000422	0.000000	0.000422	1.089345
0.000000	-0.325294	0.392308	0.407692	-0.000316	0.000000	-0.000316	1.136489
0.000000	-0.243558	-0.353846	-0.330769	-0.000175	0.000000	-0.000175	1.187942
0.000000	-0.121780	-0.230769	-0.261538	-0.000258	0.000000	-0.000258	1.236694
0.000000	-0.066669	-0.153846	-0.123077	-0.000220	0.000000	-0.000220	1.286020
0.000000	0.552624	-0.038462	-0.069231	0.000335	0.000000	0.000335	1.334639
0.000000	0.322445	0.546154	0.607692	0.000331	0.000000	0.000331	1.384753
0.000000	-0.027227	0.323077	0.338462	0.000474	0.000000	0.000474	1.435853
0.000000	-0.147614	-0.038462	-0.007692	0.000165	0.000000	0.000165	1.485962
0.000000	0.098955	-0.176923	-0.169231	-0.000325	0.000000	-0.000325	1.533792
0.000000	-0.384320	0.092308	0.115385	-0.000767	0.000000	-0.000767	1.582951
0.000000	-0.065383	-0.423077	-0.423077	-0.000771	0.000000	-0.000771	1.630836
0.000000	-0.381135	-0.092308	-0.069231	-0.001232	0.000000	-0.001232	1.680766
0.000000	-0.954428	-0.392308	-0.407692	-0.001873	0.000000	-0.001873	1.729961
0.000000	-0.833926	-0.969231	-1.015385	-0.002398	0.000000	-0.002398	1.780501
0.000000	-1.056091	-0.892308	-0.892308	-0.003162	0.000000	-0.003162	1.831066
0.000000	-1.210784	-1.092308	-1.161538	-0.003371	0.000000	-0.003371	1.881111
0.000000	-0.991644	-1.284615	-1.338462	-0.002973	0.000000	-0.002973	1.929547
0.000000	-0.315144	-1.038462	-1.030769	-0.002287	0.000000	-0.002287	1.979178
0.000000	-0.095148	-0.369231	-0.323077	-0.002188	0.000000	-0.002188	2.027443
0.000000	-1.072481	-0.146154	-0.069231	-0.002368	0.000000	-0.002368	2.077291
0.000000	-0.505508	-1.130769	-1.107692	-0.001939	0.000000	-0.001939	2.125659
0.000000	-0.226896	-0.553846	-0.569231	-0.001738	0.000000	-0.001738	2.175273
0.000000	-0.734944	-0.246154	-0.276923	-0.001673	0.000000	-0.001673	2.226219
0.000000	-0.527493	-0.769231	-0.792308	-0.001129	0.000000	-0.001129	2.281117
0.000000	-0.123216	-0.538462	-0.615385	-0.001028	0.000000	-0.001028	2.328857
0.000000	-0.412847	-0.161538	-0.130769	-0.001199	0.000000	-0.001199	2.379156
0.000000	-0.740013	-0.461538	-0.400000	-0.002256	0.000000	-0.002256	2.427121
0.000000	-0.818429	-0.815385	-0.776923	-0.002291	0.000000	-0.002291	2.477693
0.000000	-0.977706	-0.915385	-0.846154	-0.002495	0.000000	-0.002495	2.526507
0.000000	-0.893379	-1.030769	-0.984615	-0.002192	0.000000	-0.002192	2.575973
0.000000	-0.397708	-0.892308	-0.915385	-0.002530	0.000000	-0.002530	2.625048
0.000000	-0.629535	-0.430769	-0.376923	-0.001922	0.000000	-0.001922	2.678553
0.000000	-0.611291	-0.707692	-0.700000	-0.001818	0.000000	-0.001818	2.728690
0.000000	-0.615591	-0.592308	-0.653846	-0.001925	0.000000	-0.001925	2.777967
0.000000	-0.821981	-0.684615	-0.676923	-0.001878	0.000000	-0.001878	2.825541
0.000000	-0.121155	-0.846154	-0.838462	-0.001463	0.000000	-0.001463	2.876047
0.000000	-0.260067	-0.115385	-0.107692	-0.000988	0.000000	-0.000988	2.924181
0.000000	-0.268488	-0.276923	-0.276923	-0.001083	0.000000	-0.001083	2.976566
0.000000	-0.438803	-0.261538	-0.253846	-0.000946	0.000000	-0.000946	3.025072
0.000000	-0.133276	-0.476923	-0.469231	-0.001193	0.000000	-0.001193	3.076993
0.000000	-0.232010	-0.115385	-0.169231	-0.000890	0.000000	-0.000890	3.126494
0.000000	-0.244904	-0.253846	-0.253846	-0.000643	0.000000	-0.000643	3.175916
0.000000	-0.251374	-0.223077	-0.207692	-0.000805	0.000000	-0.000805	3.225189
0.000000	-0.303560	-0.300000	-0.207692	-0.000543	0.000000	-0.000543	3.274580
0.000000	-0.136194	-0.338462	-0.300000	-0.000847	0.000000	-0.000847	3.322083
0.000000	-0.542185	-0.176923	-0.130769	-0.001607	0.000000	-0.001607	3.372326
0.000000	-0.711416	-0.592308	-0.569231	-0.001637	0.000000	-0.001637	3.419486
0.000000	-0.558543	-0.738462	-0.753846	-0.001482	0.000000	-0.001482	3.470857
0.000000	-0.660999	-0.584615	-0.538462	-0.001671	0.000000	-0.001671	3.520440
0.000000	-0.837031	-0.661538	-0.730769	-0.001821	0.000000	-0.001821	3.572896
0.000000	-1.073881	-0.923077	-0.869231	-0.002340	0.000000	-0.002340	3.620000
0.000000	-1.036860	-1.161538	-1.107692	-0.002970	0.000000	-0.002970	3.669160
0.000000	-1.022408	-1.069231	-1.107692	-0.003064	0.000000	-0.003064	3.717423
0.000000	-0.840421	-1.069231	-1.061538	-0.002807	0.000000	-0.002807	3.768414
0.000000	-0.880244	-0.892308	-0.915385	-0.003240	0.000000	-0.003240	3.816116
0.000000	-0.698592	-0.915385	-0.907692	-0.003516	0.000000	-0.003516	3.866418
0.000000	-1.237932	-0.730769	-0.715385	-0.004157	0.000000	-0.004157	3.915520
0.000000	-2.011935	-1.276923	-1.315385	-0.005211	0.000000	-0.005211	3.968072
0.000000	-2.661486	-2.107692	-2.100000	-0.006140	0.000000	-0.006140	4.017108
0.000000	-3.013858	-2.823077	-2.792308	-0.007986	0.000000	-0.007986	4.067588
0.000000	-3.641515	-3.130769	-3.146154	-0.009712	0.000000	-0.009712	4.116571
0.000000	-3.859483	-3.800000	-3.830769	-0.011013	0.000000	-0.011013	4.166790
0.000000	-3.909689	-4.069231	-4.038462	-0.011424	0.000000	-0.011424	4.215070
0.000000	-2.995508	-4.084615	-4.100000	-0.011322	0.000000	-0.011322	4.265883
0.000000	-2.937120	-3.176923	-3.115385	-0.011588	0.000000	-0.011588	4.314030
0.000000	-2.676626	-3.038462	-3.084615	-0.010630	0.000000	-0.010630	4.365005
0.000000	-1.694677	-2.807692	-2.800000	-0.008944	0.000000	-0.008944	4.415646
0.000000	-0.888176	-1.800000	-1.792308	-0.007467	0.000000	-0.007467	4.465205
0.000000	-0.903810	-0.953846	-0.938462	-0.006435	0.000000	-0.006435	4.514176
0.000000	-0.962877	-0.976923	-0.900000	-0.005353	0.000000	-0.005353	4.563256
0.000000	-0.302768	-0.961538	-1.046154	-0.004057	0.000000	-0.004057	4.611880
0.000000	-0.828292	-0.330769	-0.284615	-0.003342	0.000000	-0.003342	4.660211
0.000000	-0.444470	-0.846154	-0.846154	-0.002701	0.000000	-0.002701	4.710004
0.000000	-0.740083	-0.492308	-0.500000	-0.003038	0.000000	-0.003038	4.771484
0.000000	-1.338814	-0.776923	-0.784615	-0.003944	0.000000	-0.003944	4.879067
0.000000	-1.454659	-1.400000	-1.400000	-0.003254	0.000000	-0.003254	4.927183
0.000000	-0.962593	-1.500000	-1.561538	-0.003557	0.000000	-0.003557	4.977249
0.000000	-1.638249	-1.000000	-0.984615	-0.004601	0.000000	-0.004601	5.025199
0.000000	-1.883982	-1.715385	-1.700000	-0.004574	0.000000	-0.004574	5.075167
0.000000	-1.109832	-1.969231	-1.961538	-0.003963	0.000000	-0.003963	5.122491
0.000000	-1.694363	-1.176923	-1.161538	-0.004419	0.000000	-0.004419	5.174229
0.000000	-1.352486	-1.807692	-1.776923	-0.005098	0.000000	-0.005098	5.225312
0.000000	-1.397503	-1.430769	-1.438462	-0.004698	0.000000	-0.004698	5.276649
0.000000	-0.994779	-1.500000	-1.407692	-0.004118	0.000000	-0.004118	5.323107
0.000000	-1.102733	-1.100000	-1.023077	-0.003949	0.000000	-0.003949	5.372731
0.000000	-0.781797	-1.115385	-1.138462	-0.003373	0.000000	-0.003373	5.419630
0.000000	-0.882068	-0.753846	-0.815385	-0.003493	0.000000	-0.003493	5.471966
0.000000	-0.891126	-0.923077	-0.946154	-0.003538	0.000000	-0.003538	5.519922
0.000000	-1.035710	-0.976923	-0.884615	-0.003328	0.000000	-0.003328	5.569679
0.000000	-0.883805	-1.084615	-1.076923	-0.003086	0.000000	-0.003086	5.618704
0.000000	-0.418016	-0.938462	-0.915385	-0.002787	0.000000	-0.002787	5.670422
0.000000	-0.824517	-0.453846	-0.407692	-0.002718	0.000000	-0.002718	5.719427
0.000000	-0.939699	-0.900000	-0.838462	-0.002282	0.000000	-0.002282	5.769255
0.000000	-0.660111	-1.015385	-1.030769	-0.001726	0.000000	-0.001726	5.816394
0.000000	-0.353097	-0.700000	-0.700000	-0.001489	0.000000	-0.001489	5.866009
0.000000	-0.574075	-0.361538	-0.392308	-0.002019	0.000000	-0.002019	5.913744
0.000000	-0.727282	-0.615385	-0.638462	-0.002357	0.000000	-0.002357	5.963489
0.000000	-0.954356	-0.792308	-0.761538	-0.002919	0.000000	-0.002919	6.013886
0.000000	-1.344351	-1.023077	-1.030769	-0.003433	0.000000	-0.003433	6.065971
0.000000	-1.049027	-1.407692	-1.400000	-0.002941	0.000000	-0.002941	6.116710
0.000000	-0.860033	-1.107692	-1.123077	-0.002926	0.000000	-0.002926	6.166769
0.000000	-1.105773	-0.876923	-0.938462	-0.003387	0.000000	-0.003387	6.214893
0.000000	-1.386818	-1.192308	-1.176923	-0.003748	0.000000	-0.003748	6.264559
0.000000	-0.644705	-1.492308	-1.476923	-0.002614	0.000000	-0.002614	6.312865
0.000000	0.722778	-0.638462	-0.661538	-0.001327	0.000000	-0.001327	6.361863
0.000000	1.074616	0.769231	0.792308	0.001531	0.000000	0.001531	6.411230
0.000000	3.239757	1.123077	1.123077	0.004743	0.000000	0.004743	6.461497
0.000000	4.663104	3.384615	3.384615	0.007651	0.000000	0.007651	6.512499
0.000000	5.609064	4.876923	4.876923	0.010564	0.000000	0.010564	6.563165
0.000000	6.556360	5.861538	5.892308	0.014215	0.000000	0.014215	6.611295
0.000000	7.760750	6.876923	6.892308	0.018568	0.000000	0.018568	6.658809
0.000000	8.540246	8.169231	8.169231	0.025204	0.000000	0.025204	6.708338
0.000000	11.383416	8.976923	8.976923	0.033458	0.000000	0.033458	6.757696
0.000000	14.543407	11.930769	11.930769	0.041293	0.000000	0.041293	6.807622
0.000000	17.205834	15.246154	15.276923	0.047628	0.000000	0.047628	6.855684
0.000000	17.680560	18.007692	18.023077	0.052793	0.000000	0.052793	6.906412
0.000000	18.155644	18.615385	18.546154	0.057494	0.000000	0.057494	6.956758
0.000000	17.586286	19.053846	19.023077	0.063162	0.000000	0.063162	7.008453
0.000000	18.432712	18.476923	18.430769	0.067023	0.000000	0.067023	7.056320
0.000000	18.781886	19.369231	19.376923	0.068884	0.000000	0.068884	7.104740
0.000000	19.033709	19.700000	19.730769	0.068711	0.000000	0.068711	7.151637
0.000000	17.530215	20.015385	20.015385	0.068851	0.000000	0.068851	7.201104
0.000000	16.903227	18.346154	18.423077	0.068615	0.000000	0.068615	7.249485
0.000000	16.105380	17.761538	17.753846	0.067446	0.000000	0.067446	7.302011
0.000000	15.272553	16.838462	16.892308	0.065374	0.000000	0.065374	7.351194
0.000000	15.549322	16.015385	16.038462	0.063529	0.000000	0.063529	7.402896
0.000000	14.946790	16.369231	16.361538	0.062192	0.000000	0.062192	7.451127
0.000000	14.137661	15.753846	15.700000	0.061018	0.000000	0.061018	7.500538
0.000000	14.290001	14.807692	14.846154	0.060415	0.000000	0.060415	7.549740
0.000000	14.238679	15.061538	15.023077	0.059122	0.000000	0.059122	7.601269
0.000000	13.952800	14.900000	14.961538	0.057646	0.000000	0.057646	7.649825
0.000000	13.145693	14.661538	14.692308	0.055856	0.000000	0.055856	7.700258
0.000000	12.446342	13.730769	13.800000	0.054687	0.000000	0.054687	7.749984
0.000000	12.089253	13.123077	13.123077	0.052941	0.000000	0.052941	7.804565
0.000000	11.289113	12.676923	12.730769	0.050565	0.000000	0.050565	7.852265
0.000000	9.429665	11.853846	11.907692	0.046491	0.000000	0.046491	7.903556
0.000000	7.240358	9.915385	9.900000	0.042996	0.000000	0.042996	7.951039
0.000000	5.680919	7.600000	7.638462	0.038426	0.000000	0.038426	8.002845
0.000000	4.580780	5.976923	6.007692	0.032885	0.000000	0.032885	8.051320
0.000000	2.455829	4.815385	4.815385	0.026687	0.000000	0.026687	8.100602
0.000000	1.020426	2.553846	2.576923	0.020901	0.000000	0.020901	8.149430
0.000000	-0.722624	1.030769	1.092308	0.014441	0.000000	0.014441	8.203567
0.000000	-1.953982	-0.800000	-0.746154	0.008590	0.000000	0.008590	8.254495
0.000000	-3.692181	-2.023077	-2.061538	0.003696	0.000000	0.003696	8.303513
0.000000	-3.239781	-3.807692	-3.869231	-0.001900	0.000000	-0.001900	8.350695
0.000000	-4.959966	-3.346154	-3.400000	-0.009451	0.000000	-0.009451	8.399353
0.000000	-6.843038	-5.230769	-5.230769	-0.016089	0.000000	-0.016089	8.448036
0.000000	-8.815502	-7.076923	-7.200000	-0.020502	0.000000	-0.020502	8.498713
0.000000	-9.851439	-9.238462	-9.269231	-0.025162	0.000000	-0.025162	8.566316
0.000000	-9.146803	-10.307692	-10.369231	-0.028872	0.000000	-0.028872	8.621699
0.000000	-8.507382	-9.623077	-9.638462	-0.031638	0.000000	-0.031638	8.675603
0.000000	-8.361018	-8.946154	-8.900000	-0.032465	0.000000	-0.032465	8.723312
0.000000	-8.004892	-8.807692	-8.792308	-0.031555	0.000000	-0.031555	8.772735
0.000000	-6.665824	-8.423077	-8.415385	-0.029290	0.000000	-0.029290	8.820363
0.000000	-5.717930	-7.007692	-6.961538	-0.027320	0.000000	-0.027320	8.869123
0.000000	-4.324457	-5.969231	-5.969231	-0.024226	0.000000	-0.024226	8.919066
0.000000	-3.071775	-4.515385	-4.546154	-0.021493	0.000000	-0.021493	8.969360
0.000000	-2.093895	-3.269231	-3.207692	-0.017940	0.000000	-0.017940	9.019065
0.000000	-1.634149	-2.200000	-2.200000	-0.014289	0.000000	-0.014289	9.069445
0.000000	-0.946160	-1.630769	-1.723077	-0.010746	0.000000	-0.010746	9.119230
0.000000	0.126639	-0.976923	-0.969231	-0.007798	0.000000	-0.007798	9.168323
0.000000	0.555965	0.107692	0.138462	-0.005109	0.000000	-0.005109	9.218746
0.000000	0.915293	0.546154	0.569231	-0.002477	0.000000	-0.002477	9.270216
0.000000	1.398579	0.953846	0.961538	-0.000175	0.000000	-0.000175	9.318342
0.000000	1.484187	1.484615	1.469231	0.001197	0.000000	0.001197	9.367646
0.000000	0.819386	1.492308	1.546154	0.002154	0.000000	0.002154	9.417473
0.000000	1.290638	0.830769	0.853846	0.003492	0.000000	0.003492	9.469218
0.000000	1.109243	1.300000	1.376923	0.004307	0.000000	0.004307	9.520460
0.000000	1.314968	1.169231	1.146154	0.004752	0.000000	0.004752	9.569512
0.000000	1.916891	1.330769	1.384615	0.005057	0.000000	0.005057	9.617546
0.000000	1.115823	2.023077	1.969231	0.005162	0.000000	0.005162	9.666341
0.000000	1.183076	1.169231	1.153846	0.005554	0.000000	0.005554	9.715963
0.000000	0.802792	1.207692	1.261538	0.004761	0.000000	0.004761	9.782744
0.000000	0.568186	0.876923	0.861538	0.003255	0.000000	0.003255	9.883699
0.000000	0.207236	0.638462	0.607692	0.001898	0.000000	0.001898	9.933142
0.000000	-0.555843	0.215385	0.200000	0.000140	0.000000	0.000140	9.984572
0.000000	-1.139745	-0.600000	-0.576923	-0.001139	0.000000	-0.001139	10.031077
0.000000	-2.058287	-1.246154	-1.176923	-0.002281	0.000000	-0.002281	10.082373
0.000000	-2.853594	-2.169231	-2.176923	-0.003646	0.000000	-0.003646	10.129999
0.000000	-1.974423	-3.007692	-3.000000	-0.004469	0.000000	-0.004469	10.180484
0.000000	-1.935097	-2.030769	-2.053846	-0.006190	0.000000	-0.006190	10.228358
0.000000	-2.929745	-2.000000	-2.023077	-0.008332	0.000000	-0.008332	10.281581
0.000000	-3.152302	-3.007692	-3.107692	-0.009290	0.000000	-0.009290	10.331349
0.000000	-3.391559	-3.330769	-3.330769	-0.009627	0.000000	-0.009627	10.383504
0.000000	-2.725654	-3.623077	-3.569231	-0.009772	0.000000	-0.009772	10.430846
0.000000	-2.076928	-2.823077	-2.861538	-0.009855	0.000000	-0.009855	10.480487
0.000000	-2.364209	-2.246154	-2.192308	-0.009697	0.000000	-0.009697	10.528109
0.000000	-2.634522	-2.515385	-2.507692	-0.009057	0.000000	-0.009057	10.580619
0.000000	-1.831593	-2.800000	-2.776923	-0.007796	0.000000	-0.007796	10.627957
0.000000	-1.544137	-1.869231	-1.930769	-0.007830	0.000000	-0.007830	10.678440
0.000000	-2.171412	-1.653846	-1.576923	-0.007440	0.000000	-0.007440	10.726714
0.000000	-1.429582	-2.315385	-2.300000	-0.006846	0.000000	-0.006846	10.779772
0.000000	-1.257829	-1.438462	-1.523077	-0.006537	0.000000	-0.006537	10.827872
0.000000	-1.659157	-1.284615	-1.307692	-0.006292	0.000000	-0.006292	10.879216
0.000000	-1.737826	-1.769231	-1.730769	-0.006155	0.000000	-0.006155	10.925761
0.000000	-1.317013	-1.823077	-1.815385	-0.005750	0.000000	-0.005750	10.976550
0.000000	-1.633628	-1.446154	-1.369231	-0.005593	0.000000	-0.005593	11.024285
0.000000	-1.362994	-1.753846	-1.692308	-0.005494	0.000000	-0.005494	11.073465
0.000000	-1.165570	-1.453846	-1.446154	-0.005108	0.000000	-0.005108	11.123031
0.000000	-1.370308	-1.176923	-1.223077	-0.005132	0.000000	-0.005132	11.175464
0.000000	-2.295144	-1.500000	-1.438462	-0.005633	0.000000	-0.005633	11.224835
0.000000	-1.594523	-2.484615	-2.415385	-0.006043	0.000000	-0.006043	11.276661
0.000000	-1.584203	-1.700000	-1.661538	-0.006713	0.000000	-0.006713	11.323287
0.000000	-2.241445	-1.638462	-1.638462	-0.007558	0.000000	-0.007558	11.373703
0.000000	-2.294906	-2.361538	-2.346154	-0.007508	0.000000	-0.007508	11.422163
0.000000	-1.947414	-2.369231	-2.423077	-0.007671	0.000000	-0.007671	11.471851
0.000000	-2.015145	-2.061538	-2.061538	-0.007850	0.000000	-0.007850	11.520282
0.000000	-1.707729	-2.115385	-2.115385	-0.007633	0.000000	-0.007633	11.569216
0.000000	-1.732511	-1.846154	-1.807692	-0.007101	0.000000	-0.007101	11.620482
0.000000	-1.958543	-1.846154	-1.792308	-0.007045	0.000000	-0.007045	11.671329
0.000000	-1.661612	-2.107692	-2.069231	-0.006678	0.000000	-0.006678	11.719951
0.000000	-1.542770	-1.800000	-1.746154	-0.005983	0.000000	-0.005983	11.769467
0.000000	-1.452040	-1.623077	-1.623077	-0.005579	0.000000	-0.005579	11.817937
0.000000	-0.968301	-1.530769	-1.515385	-0.004766	0.000000	-0.004766	11.867448
0.000000	-0.175867	-1.046154	-1.030769	-0.003483	0.000000	-0.003483	11.916507
0.000000	1.031614	-0.176923	-0.169231	-0.001187	0.000000	-0.001187	11.965659
0.000000	2.392710	1.076923	1.092308	0.001509	0.000000	0.001509	12.017154
0.000000	4.010646	2.484615	2.546154	0.004919	0.000000	0.004919	12.067789
0.000000	5.641249	4.184615	4.200000	0.008404	0.000000	0.008404	12.117187
0.000000	6.151428	5.915385	5.961538	0.011414	0.000000	0.011414	12.165115
0.000000	6.775937	6.430769	6.507692	0.015937	0.000000	0.015937	12.213391
0.000000	8.695759	7.100000	7.130769	0.022534	0.000000	0.022534	12.262581
0.000000	10.690186	9.130769	9.115385	0.030467	0.000000	0.030467	12.312072
0.000000	13.791394	11.215385	11.184615	0.038856	0.000000	0.038856	12.361425
0.000000	16.139602	14.461538	14.461538	0.045299	0.000000	0.045299	12.412210
0.000000	17.772866	16.946154	16.915385	0.051071	0.000000	0.051071	12.462733
0.000000	17.335453	18.653846	18.638462	0.055425	0.000000	0.055425	12.513216
0.000000	17.158756	18.215385	18.184615	0.059914	0.000000	0.059914	12.560953
0.000000	17.310690	18.023077	18.046154	0.063038	0.000000	0.063038	12.609956
0.000000	17.632000	18.184615	18.161538	0.065090	0.000000	0.065090	12.659096
0.000000	17.249458	18.530769	18.523077	0.064928	0.000000	0.064928	12.708480
0.000000	16.677347	18.146154	18.130769	0.064372	0.000000	0.064372	12.756534
0.000000	15.279382	17.515385	17.553846	0.063666	0.000000	0.063666	12.805735
0.000000	14.628623	16.046154	16.046154	0.062948	0.000000	0.062948	12.855042
0.000000	14.476979	15.292308	15.392308	0.061425	0.000000	0.061425	12.908322
0.000000	13.925406	15.238462	15.192308	0.059572	0.000000	0.059572	12.957455
0.000000	14.008508	14.615385	14.684615	0.057818	0.000000	0.057818	13.006037
0.000000	12.941181	14.684615	14.700000	0.056061	0.000000	0.056061	13.053468
0.000000	12.576697	13.600000	13.569231	0.055512	0.000000	0.055512	13.103154
0.000000	12.514878	13.176923	13.200000	0.054189	0.000000	0.054189	13.150652
0.000000	12.953157	13.138462	13.130769	0.053374	0.000000	0.053374	13.202000
0.000000	12.782355	13.638462	13.623077	0.052008	0.000000	0.052008	13.251166
0.000000	11.812123	13.430769	13.400000	0.050594	0.000000	0.050594	13.301726
0.000000	11.862000	12.400000	12.423077	0.049550	0.000000	0.049550	13.351617
0.000000	11.053368	12.430769	12.492308	0.047949	0.000000	0.047949	13.400438
0.000000	10.719777	11.561538	11.569231	0.047375	0.000000	0.047375	13.448993
0.000000	9.855783	11.246154	11.207692	0.045104	0.000000	0.045104	13.499382
0.000000	8.755541	10.353846	10.323077	0.042655	0.000000	0.042655	13.549975
0.000000	8.164199	9.192308	9.153846	0.039605	0.000000	0.039605	13.599411
0.000000	6.836868	8.561538	8.523077	0.035749	0.000000	0.035749	13.647407
0.000000	5.249234	7.223077	7.215385	0.031783	0.000000	0.031783	13.698797
0.000000	2.881260	5.507692	5.492308	0.026795	0.000000	0.026795	13.748773
0.000000	1.649193	3.030769	3.007692	0.021722	0.000000	0.021722	13.800797
0.000000	0.873014	1.761538	1.715385	0.016969	0.000000	0.016969	13.848244
0.000000	-0.958337	0.930769	0.923077	0.012480	0.000000	0.012480	13.896722
0.000000	-1.336679	-0.984615	-0.992308	0.008107	0.000000	0.008107	13.945883
0.000000	-2.803341	-1.446154	-1.415385	0.002804	0.000000	0.002804	13.996363
0.000000	-3.433797	-2.961538	-2.946154	-0.002641	0.000000	-0.002641	14.044591
0.000000	-5.499979	-3.638462	-3.607692	-0.009877	0.000000	-0.009877	14.095177
0.000000	-6.724789	-5.830769	-5.769231	-0.015742	0.000000	-0.015742	14.145091
0.000000	-9.228495	-7.069231	-7.053846	-0.021825	0.000000	-0.021825	14.197576
0.000000	-10.205209	-9.746154	-9.669231	-0.025611	0.000000	-0.025611	14.246097
0.000000	-9.965047	-10.761538	-10.761538	-0.028350	0.000000	-0.028350	14.295284
0.000000	-8.603872	-10.553846	-10.492308	-0.030293	0.000000	-0.030293	14.342125
0.000000	-8.596085	-9.061538	-8.992308	-0.032047	0.000000	-0.032047	14.393538
0.000000	-8.639591	-9.069231	-9.038462	-0.031553	0.000000	-0.031553	14.441303
0.000000	-6.822723	-9.100000	-9.092308	-0.029368	0.000000	-0.029368	14.492941
0.000000	-5.161842	-7.153846	-7.184615	-0.026535	0.000000	-0.026535	14.541920
0.000000	-4.689601	-5.415385	-5.400000	-0.024438	0.000000	-0.024438	14.593345
0.000000	-3.334742	-4.984615	-4.923077	-0.020729	0.000000	-0.020729	14.642252
0.000000	-2.697867	-3.515385	-3.500000	-0.017880	0.000000	-0.017880	14.693430
0.000000	-2.502382	-2.800000	-2.830769	-0.015699	0.000000	-0.015699	14.741647
0.000000	-1.613222	-2.576923	-2.646154	-0.009929	0.000000	-0.009929	14.838922
0.000000	-0.703746	-1.746154	-1.715385	-0.007057	0.000000	-0.007057	14.899116
0.000000	0.227398	-0.692308	-0.746154	-0.005318	0.000000	-0.005318	14.949720
0.000000	0.085422	0.192308	0.207692	-0.003928	0.000000	-0.003928	15.000936
0.000000	-0.268086	0.053846	0.076923	-0.003256	0.000000	-0.003256	15.050393
0.000000	-0.271942	-0.315385	-0.276923	-0.001741	0.000000	-0.001741	15.100159
0.000000	0.420713	-0.284615	-0.261538	-0.001149	0.000000	-0.001149	15.146978
0.000000	-0.508327	0.500000	0.423077	-0.001955	0.000000	-0.001955	15.199211
0.000000	-0.821300	-0.530769	-0.523077	-0.002103	0.000000	-0.002103	15.247942
0.000000	-0.340776	-0.792308	-0.861538	-0.002276	0.000000	-0.002276	15.297538
0.000000	-1.133584	-0.353846	-0.361538	-0.002512	0.000000	-0.002512	15.344720
0.000000	-1.084652	-1.176923	-1.192308	-0.002802	0.000000	-0.002802	15.396573
0.000000	-1.307766	-1.130769	-1.138462	-0.003284	0.000000	-0.003284	15.446232
0.000000	-1.827332	-1.338462	-1.369231	-0.004026	0.000000	-0.004026	15.498933
0.000000	-2.021474	-1.876923	-1.907692	-0.004614	0.000000	-0.004614	15.546317
0.000000	-1.804614	-2.169231	-2.138462	-0.005465	0.000000	-0.005465	15.595958
0.000000	-2.015761	-1.869231	-1.892308	-0.006412	0.000000	-0.006412	15.643102
0.000000	-2.635500	-2.115385	-2.123077	-0.007458	0.000000	-0.007458	15.694622
0.000000	-2.828610	-2.846154	-2.761538	-0.008304	0.000000	-0.008304	15.743226
0.000000	-2.600297	-3.023077	-2.992308	-0.009349	0.000000	-0.009349	15.794837
0.000000	-2.888809	-2.676923	-2.730769	-0.009728	0.000000	-0.009728	15.843772
0.000000	-3.195304	-3.015385	-3.038462	-0.010262	0.000000	-0.010262	15.895734
0.000000	-2.511067	-3.400000	-3.361538	-0.010432	0.000000	-0.010432	15.943376
0.000000	-2.226813	-2.638462	-2.623077	-0.010185	0.000000	-0.010185	15.994377
0.000000	-2.304270	-2.330769	-2.338462	-0.009906	0.000000	-0.009906	16.041735
0.000000	-2.191458	-2.453846	-2.415385	-0.009358	0.000000	-0.009358	16.092188
0.000000	-1.689440	-2.176923	-2.284615	-0.008366	0.000000	-0.008366	16.140092
0.000000	-1.925600	-1.800000	-1.776923	-0.008465	0.000000	-0.008465	16.190965
0.000000	-2.099850	-1.992308	-2.030769	-0.008656	0.000000	-0.008656	16.240111
0.000000	-2.636613	-2.169231	-2.200000	-0.008845	0.000000	-0.008845	16.292683
0.000000	-2.468127	-2.746154	-2.761538	-0.009294	0.000000	-0.009294	16.340852
0.000000	-2.348297	-2.569231	-2.569231	-0.009589	0.000000	-0.009589	16.392137
0.000000	-2.276298	-2.438462	-2.461538	-0.008800	0.000000	-0.008800	16.439298
0.000000	-1.573526	-2.438462	-2.384615	-0.007992	0.000000	-0.007992	16.490318
0.000000	-2.045175	-1.669231	-1.653846	-0.008111	0.000000	-0.008111	16.538664
0.000000	-2.053748	-2.092308	-2.130769	-0.007688	0.000000	-0.007688	16.588132
0.000000	-2.099188	-2.153846	-2.153846	-0.008128	0.000000	-0.008128	16.635424
0.000000	-1.855285	-2.153846	-2.176923	-0.007447	0.000000	-0.007447	16.686631
0.000000	-1.499308	-1.907692	-1.930769	-0.007455	0.000000	-0.007455	16.737547
0.000000	-2.176577	-1.615385	-1.584615	-0.007910	0.000000	-0.007910	16.788503
0.000000	-2.533247	-2.184615	-2.292308	-0.007972	0.000000	-0.007972	16.835172
0.000000	-2.349520	-2.684615	-2.646154	-0.008820	0.000000	-0.008820	16.884380
0.000000	-2.506208	-2.438462	-2.446154	-0.009182	0.000000	-0.009182	16.932323
0.000000	-2.224344	-2.607692	-2.623077	-0.009194	0.000000	-0.009194	16.981704
0.000000	-2.817436	-2.292308	-2.307692	-0.009981	0.000000	-0.009981	17.031593
0.000000	-2.868413	-2.923077	-2.961538	-0.009778	0.000000	-0.009778	17.082037
0.000000	-2.560754	-3.000000	-2.992308	-0.009654	0.000000	-0.009654	17.131372
0.000000	-2.847958	-2.661538	-2.684615	-0.009432	0.000000	-0.009432	17.181999
0.000000	-2.110472	-2.930769	-2.961538	-0.009355	0.000000	-0.009355	17.229754
0.000000	-2.241072	-2.223077	-2.200000	-0.009389	0.000000	-0.009389	17.280132
0.000000	-2.293780	-2.315385	-2.346154	-0.009370	0.000000	-0.009370	17.328809
0.000000	-2.883067	-2.423077	-2.384615	-0.009126	0.000000	-0.009126	17.378420
0.000000	-2.364870	-3.038462	-3.007692	-0.008937	0.000000	-0.008937	17.426784
0.000000	-2.040947	-2.523077	-2.476923	-0.009005	0.000000	-0.009005	17.475602
0.000000	-2.056548	-2.123077	-2.130769	-0.008556	0.000000	-0.008556	17.526202
0.000000	-2.317692	-2.207692	-2.146154	-0.008394	0.000000	-0.008394	17.577144
0.000000	-2.026799	-2.407692	-2.438462	-0.007982	0.000000	-0.007982	17.627357
0.000000	-1.561767	-2.069231	-2.115385	-0.007824	0.000000	-0.007824	17.675732
0.000000	-2.349235	-1.615385	-1.623077	-0.008176	0.000000	-0.008176	17.723050
0.000000	-2.391259	-2.500000	-2.453846	-0.008039	0.000000	-0.008039	17.773004
0.000000	-1.920192	-2.430769	-2.523077	-0.007755	0.000000	-0.007755	17.822344
0.000000	-1.985320	-1.953846	-2.007692	-0.007810	0.000000	-0.007810	17.871754
0.000000	-2.728295	-2.130769	-2.061538	-0.008280	0.000000	-0.008280	17.920529
0.000000	-2.289587	-2.861538	-2.846154	-0.008684	0.000000	-0.008684	17.971491
0.000000	-2.559052	-2.400000	-2.407692	-0.008857	0.000000	-0.008857	18.022297
0.000000	-1.710299	-2.638462	-2.676923	-0.008587	0.000000	-0.008587	18.073214
0.000000	-1.695212	-1.807692	-1.769231	-0.008039	0.000000	-0.008039	18.120900
0.000000	-1.175937	-1.846154	-1.769231	-0.007039	0.000000	-0.007039	18.169732
0.000000	-0.691043	-1.223077	-1.238462	-0.005400	0.000000	-0.005400	18.218461
0.000000	0.338917	-0.723077	-0.715385	-0.003559	0.000000	-0.003559	18.269245
0.000000	1.120529	0.376923	0.369231	-0.000689	0.000000	-0.000689	18.318570
0.000000	2.522278	1.176923	1.176923	0.002451	0.000000	0.002451	18.368653
0.000000	3.125849	2.615385	2.653846	0.005293	0.000000	0.005293	18.417963
0.000000	5.202353	3.338462	3.269231	0.009482	0.000000	0.009482	18.468511
0.000000	6.370924	5.476923	5.492308	0.012807	0.000000	0.012807	18.517401
0.000000	6.749735	6.646154	6.661538	0.016302	0.000000	0.016302	18.567287
0.000000	7.792670	7.161538	7.146154	0.022354	0.000000	0.022354	18.616425
0.000000	10.217670	8.169231	8.192308	0.029228	0.000000	0.029228	18.665012
0.000000	12.050201	10.738462	10.684615	0.036067	0.000000	0.036067	18.714034
0.000000	14.388537	12.630769	12.669231	0.041401	0.000000	0.041401	18.762738
0.000000	16.370692	15.115385	15.123077	0.046430	0.000000	0.046430	18.814334
0.000000	16.663520	17.200000	17.223077	0.051123	0.000000	0.051123	18.866369
0.000000	16.119125	17.515385	17.492308	0.055405	0.000000	0.055405	18.915119
0.000000	17.006430	16.915385	16.976923	0.060146	0.000000	0.060146	18.963130
0.000000	17.009957	17.923077	17.792308	0.062443	0.000000	0.062443	19.011979
0.000000	16.889864	17.869231	17.846154	0.063514	0.000000	0.063514	19.060173
0.000000	16.765722	17.761538	17.753846	0.063498	0.000000	0.063498	19.112109
0.000000	14.897577	17.630769	17.638462	0.062331	0.000000	0.062331	19.160696
0.000000	12.428677	15.569231	15.646154	0.059715	0.000000	0.059715	19.211244
0.000000	11.581465	13.000000	13.046154	0.056351	0.000000	0.056351	19.261485
0.000000	10.068721	12.169231	12.107692	0.050904	0.000000	0.050904	19.312523
0.000000	7.235871	10.569231	10.507692	0.044690	0.000000	0.044690	19.361378
0.000000	5.015807	7.615385	7.584615	0.037390	0.000000	0.037390	19.410806
0.000000	2.636472	5.230769	5.292308	0.029466	0.000000	0.029466	19.459691
0.000000	-0.205014	2.746154	2.769231	0.021331	0.000000	0.021331	19.509164
0.000000	-2.343528	-0.276923	-0.192308	0.013986	0.000000	0.013986	19.557415
0.000000	-3.323623	-2.500000	-2.453846	0.009101	0.000000	0.009101	19.607741
0.000000	-3.489867	-3.430769	-3.476923	0.002646	0.000000	0.002646	19.657210
0.000000	-4.830864	-3.630769	-3.638462	-0.006424	0.000000	-0.006424	19.709800
0.000000	-7.541003	-5.100000	-5.084615	-0.017711	0.000000	-0.017711	19.766682
0.000000	-10.158581	-7.915385	-7.861538	-0.029106	0.000000	-0.029106	19.873106
0.000000	-12.805213	-10.661538	-10.661538	-0.032119	0.000000	-0.032119	19.921878
0.000000	-10.985991	-13.423077	-13.484615	-0.034119	0.000000	-0.034119	19.971710
0.000000	-9.962801	-11.561538	-11.546154	-0.039741	0.000000	-0.039741	20.021036
0.000000	-11.193783	-10.446154	-10.476923	-0.042191	0.000000	-0.042191	20.071470
0.000000	-11.569020	-11.800000	-11.684615	-0.040599	0.000000	-0.040599	20.122003
0.000000	-9.952629	-12.153846	-12.123077	-0.038440	0.000000	-0.038440	20.172174
0.000000	-8.326998	-10.507692	-10.469231	-0.037120	0.000000	-0.037120	20.220929
0.000000	-6.914261	-8.753846	-8.715385	-0.035054	0.000000	-0.035054	20.270204
0.000000	-5.346393	-7.200000	-7.284615	-0.030754	0.000000	-0.030754	20.319793
0.000000	-4.445846	-5.569231	-5.607692	-0.026776	0.000000	-0.026776	20.368223
0.000000	-3.683598	-4.676923	-4.684615	-0.022847	0.000000	-0.022847	20.416900
0.000000	-1.803603	-3.807692	-3.853846	-0.018062	0.000000	-0.018062	20.465608
0.000000	-0.431101	-1.923077	-1.869231	-0.013493	0.000000	-0.013493	20.517286
0.000000	-0.525333	-0.484615	-0.453846	-0.009362	0.000000	-0.009362	20.569311
0.000000	1.171875	-0.546154	-0.553846	-0.005752	0.000000	-0.005752	20.618430
0.000000	1.959621	1.230769	1.269231	-0.002391	0.000000	-0.002391	20.665999
0.000000	1.727812	2.053846	2.076923	-0.000697	0.000000	-0.000697	20.714727
0.000000	0.969466	1.792308	1.807692	0.000822	0.000000	0.000822	20.763062
0.000000	1.664205	1.038462	1.023077	0.002611	0.000000	0.002611	20.812851
0.000000	1.738764	1.715385	1.784615	0.004459	0.000000	0.004459	20.863045
0.000000	1.128776	1.807692	1.815385	0.005069	0.000000	0.005069	20.913133
0.000000	2.083912	1.192308	1.192308	0.006226	0.000000	0.006226	20.962837
0.000000	2.098305	2.184615	2.192308	0.006792	0.000000	0.006792	21.014935
0.000000	1.829776	2.161538	2.200000	0.007369	0.000000	0.007369	21.064514
0.000000	1.723798	1.984615	1.915385	0.006996	0.000000	0.006996	21.117413
0.000000	1.240692	1.815385	1.838462	0.006607	0.000000	0.006607	21.166068
0.000000	0.799978	1.269231	1.276923	0.005807	0.000000	0.005807	21.215863
0.000000	0.705929	0.792308	0.830769	0.005464	0.000000	0.005464	21.264193
0.000000	0.904235	0.723077	0.753846	0.004304	0.000000	0.004304	21.316296
0.000000	-0.338983	1.015385	0.976923	0.002786	0.000000	0.002786	21.366093
0.000000	-0.699564	-0.392308	-0.338462	0.001246	0.000000	0.001246	21.418797
0.000000	-1.186040	-0.692308	-0.723077	-0.001067	0.000000	-0.001067	21.467441
0.000000	-1.989690	-1.261538	-1.238462	-0.003976	0.000000	-0.003976	21.516009
0.000000	-3.208283	-2.115385	-2.107692	-0.005735	0.000000	-0.005735	21.565107
0.000000	-3.224207	-3.415385	-3.353846	-0.006727	0.000000	-0.006727	21.615006
0.000000	-3.235925	-3.353846	-3.369231	-0.008608	0.000000	-0.008608	21.663733
0.000000	-3.739874	-3.438462	-3.369231	-0.010515	0.000000	-0.010515	21.715361
0.000000	-3.817091	-3.861538	-3.923077	-0.011549	0.000000	-0.011549	21.764269
0.000000	-2.981214	-4.061538	-4.007692	-0.011716	0.000000	-0.011716	21.816409
0.000000	-3.002336	-3.176923	-3.123077	-0.011707	0.000000	-0.011707	21.865991
0.000000	-3.213420	-3.092308	-3.130769	-0.011989	0.000000	-0.011989	21.914907
0.000000	-2.510383	-3.384615	-3.369231	-0.010940	0.000000	-0.010940	21.962617
0.000000	-1.970780	-2.715385	-2.630769	-0.009829	0.000000	-0.009829	22.012761
0.000000	-1.475766	-2.038462	-2.046154	-0.008473	0.000000	-0.008473	22.061572
0.000000	-0.883228	-1.553846	-1.576923	-0.007258	0.000000	-0.007258	22.112164
0.000000	-0.986682	-0.907692	-0.930769	-0.006171	0.000000	-0.006171	22.159518
0.000000	-1.366340	-1.069231	-1.015385	-0.005586	0.000000	-0.005586	22.209803
0.000000	-1.138249	-1.469231	-1.461538	-0.005213	0.000000	-0.005213	22.260954
0.000000	-0.460881	-1.184615	-1.200000	-0.004050	0.000000	-0.004050	22.311960
0.000000	-0.686990	-0.476923	-0.469231	-0.004014	0.000000	-0.004014	22.359584
0.000000	-0.813168	-0.769231	-0.707692	-0.003724	0.000000	-0.003724	22.408797
0.000000	-0.938183	-0.907692	-0.869231	-0.003089	0.000000	-0.003089	22.455897
0.000000	-0.774290	-0.953846	-1.015385	-0.003058	0.000000	-0.003058	22.506508
0.000000	-0.962657	-0.846154	-0.823077	-0.003219	0.000000	-0.003219	22.554053
0.000000	-1.103937	-0.984615	-1.046154	-0.003158	0.000000	-0.003158	22.607567
0.000000	-1.296465	-1.169231	-1.130769	-0.003346	0.000000	-0.003346	22.656332
0.000000	-1.266042	-1.361538	-1.400000	-0.003949	0.000000	-0.003949	22.707905
0.000000	-1.235004	-1.315385	-1.315385	-0.004590	0.000000	-0.004590	22.756927
0.000000	-1.429082	-1.261538	-1.315385	-0.004865	0.000000	-0.004865	22.806267
0.000000	-1.642935	-1.500000	-1.538462	-0.005223	0.000000	-0.005223	22.853992
0.000000	-1.757294	-1.723077	-1.753846	-0.005445	0.000000	-0.005445	22.906259
0.000000	-1.860676	-1.807692	-1.792308	-0.005781	0.000000	-0.005781	22.952907
0.000000	-1.807247	-1.900000	-1.938462	-0.006051	0.000000	-0.006051	23.003561
0.000000	-1.507836	-1.930769	-1.923077	-0.005891	0.000000	-0.005891	23.051745
0.000000	-1.274093	-1.623077	-1.561538	-0.005363	0.000000	-0.005363	23.104553
0.000000	-1.424491	-1.300000	-1.307692	-0.005233	0.000000	-0.005233	23.153817
0.000000	-1.532014	-1.553846	-1.484615	-0.005046	0.000000	-0.005046	23.204153
0.000000	-1.302836	-1.638462	-1.615385	-0.005642	0.000000	-0.005642	23.251366
0.000000	-1.829719	-1.384615	-1.361538	-0.005547	0.000000	-0.005547	23.301744
0.000000	-1.220797	-1.938462	-1.915385	-0.004924	0.000000	-0.004924	23.349557
0.000000	-1.090141	-1.292308	-1.330769	-0.004657	0.000000	-0.004657	23.400427
0.000000	-1.274484	-1.161538	-1.192308	-0.004551	0.000000	-0.004551	23.447310
0.000000	-1.359087	-1.353846	-1.315385	-0.005062	0.000000	-0.005062	23.500599
0.000000	-1.223208	-1.415385	-1.438462	-0.004915	0.000000	-0.004915	23.549331
0.000000	-0.899413	-1.230769	-1.315385	-0.004914	0.000000	-0.004914	23.621751
0.000000	-0.951271	-0.876923	-0.930769	-0.004269	0.000000	-0.004269	23.670714
0.000000	-1.467939	-0.984615	-1.023077	-0.004828	0.000000	-0.004828	23.719589
0.000000	-1.998584	-1.584615	-1.507692	-0.005157	0.000000	-0.005157	23.769793
0.000000	-1.623910	-2.061538	-2.107692	-0.005286	0.000000	-0.005286	23.818760
0.000000	-1.110470	-1.684615	-1.692308	-0.005336	0.000000	-0.005336	23.866741
0.000000	-1.400322	-1.138462	-1.146154	-0.005083	0.000000	-0.005083	23.917598
0.000000	-1.515165	-1.476923	-1.446154	-0.004889	0.000000	-0.004889	23.968997
0.000000	-0.995847	-1.546154	-1.607692	-0.004701	0.000000	-0.004701	24.020181
0.000000	-1.178540	-1.053846	-1.007692	-0.004652	0.000000	-0.004652	24.067956
0.000000	-1.352218	-1.300000	-1.261538	-0.004359	0.000000	-0.004359	24.116433
0.000000	-1.234942	-1.361538	-1.453846	-0.004485	0.000000	-0.004485	24.164487
0.000000	-0.855089	-1.315385	-1.276923	-0.004500	0.000000	-0.004500	24.214219
0.000000	-0.870083	-0.923077	-0.861538	-0.004417	0.000000	-0.004417	24.262801
0.000000	-1.276503	-0.892308	-0.953846	-0.004722	0.000000	-0.004722	24.314580
0.000000	-1.543002	-1.284615	-1.330769	-0.004574	0.000000	-0.004574	24.362856
0.000000	-1.097121	-1.546154	-1.615385	-0.004396	0.000000	-0.004396	24.415167
0.000000	-1.426644	-1.138462	-1.130769	-0.004506	0.000000	-0.004506	24.461646
0.000000	-0.987886	-1.484615	-1.476923	-0.003986	0.000000	-0.003986	24.511260
0.000000	-0.931829	-1.061538	-1.007692	-0.004243	0.000000	-0.004243	24.559980
0.000000	-1.201417	-0.938462	-0.961538	-0.004231	0.000000	-0.004231	24.613479
0.000000	-1.793393	-1.215385	-1.223077	-0.004961	0.000000	-0.004961	24.660571
0.000000	-1.276666	-1.884615	-1.892308	-0.005022	0.000000	-0.005022	24.710719
0.000000	-1.155632	-1.315385	-1.330769	-0.005427	0.000000	-0.005427	24.771372
0.000000	-1.865873	-1.261538	-1.184615	-0.005792	0.000000	-0.005792	24.878829
0.000000	-1.583041	-1.907692	-1.953846	-0.005430	0.000000	-0.005430	24.926598
0.000000	-1.561811	-1.661538	-1.669231	-0.006448	0.000000	-0.006448	24.977041
0.000000	-1.267341	-1.669231	-1.661538	-0.005892	0.000000	-0.005892	25.025479
0.000000	-1.559293	-1.346154	-1.330769	-0.006004	0.000000	-0.006004	25.075998
0.000000	-1.613744	-1.661538	-1.638462	-0.006030	0.000000	-0.006030	25.124764
0.000000	-1.379920	-1.715385	-1.700000	-0.005756	0.000000	-0.005756	25.174913
0.000000	-1.307748	-1.423077	-1.415385	-0.006022	0.000000	-0.006022	25.226431
0.000000	-1.669048	-1.376923	-1.407692	-0.006264	0.000000	-0.006264	25.277038
0.000000	-1.934248	-1.776923	-1.746154	-0.005585	0.000000	-0.005585	25.324984
0.000000	-1.270636	-1.946154	-2.007692	-0.004966	0.000000	-0.004966	25.374014
0.000000	-0.957848	-1.315385	-1.300000	-0.004763	0.000000	-0.004763	25.422943
0.000000	-1.349496	-1.038462	-0.984615	-0.004279	0.000000	-0.004279	25.471895
0.000000	-0.900862	-1.438462	-1.400000	-0.004242	0.000000	-0.004242	25.521506
0.000000	-1.107919	-0.923077	-0.969231	-0.004373	0.000000	-0.004373	25.571009
0.000000	-1.232805	-1.123077	-1.153846	-0.004233	0.000000	-0.004233	25.621331
0.000000	-1.282109	-1.284615	-1.315385	-0.004456	0.000000	-0.004456	25.672814
0.000000	-0.643496	-1.307692	-1.346154	-0.004175	0.000000	-0.004175	25.722375
0.000000	-0.743929	-0.707692	-0.661538	-0.004587	0.000000	-0.004587	25.771137
0.000000	-1.678813	-0.761538	-0.792308	-0.004679	0.000000	-0.004679	25.819885
0.000000	-1.446922	-1.792308	-1.784615	-0.004809	0.000000	-0.004809	25.867915
0.000000	-1.510424	-1.553846	-1.546154	-0.005282	0.000000	-0.005282	25.917185
0.000000	-1.875006	-1.638462	-1.576923	-0.005331	0.000000	-0.005331	25.965773
0.000000	-1.282181	-1.930769	-1.992308	-0.005139	0.000000	-0.005139	26.018230
0.000000	-1.575146	-1.346154	-1.330769	-0.005732	0.000000	-0.005732	26.067399
0.000000	-1.694851	-1.707692	-1.653846	-0.005931	0.000000	-0.005931	26.118517
0.000000	-1.945049	-1.761538	-1.807692	-0.005836	0.000000	-0.005836	26.165833
0.000000	-1.100935	-2.053846	-2.046154	-0.005329	0.000000	-0.005329	26.215441
0.000000	-1.195093	-1.200000	-1.176923	-0.005126	0.000000	-0.005126	26.265905
0.000000	-1.006984	-1.276923	-1.253846	-0.005151	0.000000	-0.005151	26.316502
0.000000	-1.733881	-1.061538	-1.053846	-0.005947	0.000000	-0.005947	26.363968
0.000000	-2.278355	-1.823077	-1.853846	-0.006649	0.000000	-0.006649	26.413960
0.000000	-1.329328	-2.338462	-2.400000	-0.006049	0.000000	-0.006049	26.463428
0.000000	-1.339089	-1.407692	-1.376923	-0.005593	0.000000	-0.005593	26.517877
0.000000	-1.359044	-1.461538	-1.400000	-0.005492	0.000000	-0.005492	26.566187
0.000000	-1.610399	-1.438462	-1.423077	-0.005410	0.000000	-0.005410	26.615517
0.000000	-1.842723	-1.723077	-1.669231	-0.005435	0.000000	-0.005435	26.664016
0.000000	-1.172461	-1.953846	-1.938462	-0.005646	0.000000	-0.005646	26.714335
0.000000	-1.354162	-1.200000	-1.215385	-0.005390	0.000000	-0.005390	26.763240
0.000000	-1.224495	-1.415385	-1.407692	-0.005161	0.000000	-0.005161	26.815182
0.000000	-1.546236	-1.300000	-1.307692	-0.005469	0.000000	-0.005469	26.864156
0.000000	-1.394030	-1.607692	-1.592308	-0.005696	0.000000	-0.005696	26.915729
0.000000	-1.111016	-1.523077	-1.446154	-0.005578	0.000000	-0.005578	26.965874
0.000000	-1.495043	-1.153846	-1.192308	-0.005088	0.000000	-0.005088	27.017076
0.000000	-1.505220	-1.569231	-1.623077	-0.005336	0.000000	-0.005336	27.064873
0.000000	-1.811402	-1.584615	-1.576923	-0.004995	0.000000	-0.004995	27.116123
0.000000	-1.538538	-1.853846	-1.900000	-0.004921	0.000000	-0.004921	27.163682
0.000000	-1.278806	-1.569231	-1.600000	-0.005366	0.000000	-0.005366	27.214040
0.000000	-1.796065	-1.376923	-1.300000	-0.005510	0.000000	-0.005510	27.262492
0.000000	-1.095039	-1.892308	-1.892308	-0.004875	0.000000	-0.004875	27.314081
0.000000	-1.251604	-1.176923	-1.176923	-0.004901	0.000000	-0.004901	27.362907
0.000000	-1.366399	-1.330769	-1.353846	-0.004837	0.000000	-0.004837	27.414936
0.000000	-1.478207	-1.461538	-1.407692	-0.005075	0.000000	-0.005075	27.462009
0.000000	-1.177031	-1.500000	-1.576923	-0.004993	0.000000	-0.004993	27.512894
0.000000	-1.275160	-1.176923	-1.207692	-0.005281	0.000000	-0.005281	27.561264
0.000000	-0.981473	-1.376923	-1.361538	-0.005120	0.000000	-0.005120	27.611638
0.000000	-1.422811	-1.000000	-1.069231	-0.005267	0.000000	-0.005267	27.658742
0.000000	-1.353525	-1.515385	-1.476923	-0.004973	0.000000	-0.004973	27.710507
0.000000	-1.570346	-1.392308	-1.407692	-0.005022	0.000000	-0.005022	27.759987
0.000000	-1.679426	-1.638462	-1.661538	-0.004975	0.000000	-0.004975	27.812625
0.000000	-1.454973	-1.830769	-1.792308	-0.005341	0.000000	-0.005341	27.859524
0.000000	-1.680684	-1.530769	-1.500000	-0.005686	0.000000	-0.005686	27.908368
0.000000	-1.352229	-1.769231	-1.730769	-0.005853	0.000000	-0.005853	27.958639
0.000000	-1.728409	-1.415385	-1.415385	-0.005190	0.000000	-0.005190	28.010711
0.000000	-1.111269	-1.792308	-1.776923	-0.004848	0.000000	-0.004848	28.058687
0.000000	-1.035799	-1.200000	-1.146154	-0.004763	0.000000	-0.004763	28.108651
0.000000	-1.230350	-1.100000	-1.084615	-0.004594	0.000000	-0.004594	28.156648
0.000000	-1.237080	-1.269231	-1.276923	-0.004976	0.000000	-0.004976	28.208381
0.000000	-1.532490	-1.323077	-1.276923	-0.005447	0.000000	-0.005447	28.257146
0.000000	-1.680861	-1.630769	-1.538462	-0.005987	0.000000	-0.005987	28.308997
0.000000	-1.932579	-1.730769	-1.784615	-0.006606	0.000000	-0.006606	28.355336
0.000000	-1.688593	-2.038462	-2.023077	-0.006729	0.000000	-0.006729	28.405162
0.000000	-1.744228	-1.761538	-1.776923	-0.006770	0.000000	-0.006770	28.453895
0.000000	-1.565440	-1.884615	-1.792308	-0.006640	0.000000	-0.006640	28.503701
0.000000	-1.445664	-1.600000	-1.615385	-0.006250	0.000000	-0.006250	28.552996
0.000000	-1.501373	-1.561538	-1.530769	-0.006147	0.000000	-0.006147	28.607135
0.000000	-1.306877	-1.553846	-1.607692	-0.006377	0.000000	-0.006377	28.656419
0.000000	-1.552326	-1.430769	-1.369231	-0.006130	0.000000	-0.006130	28.706684
0.000000	-1.810291	-1.615385	-1.615385	-0.006311	0.000000	-0.006311	28.753751
0.000000	-1.489926	-1.923077	-1.861538	-0.006136	0.000000	-0.006136	28.804888
0.000000	-1.615530	-1.600000	-1.530769	-0.006114	0.000000	-0.006114	28.853123
0.000000	-1.340368	-1.700000	-1.692308	-0.005985	0.000000	-0.005985	28.903748
0.000000	-1.498365	-1.423077	-1.423077	-0.005995	0.000000	-0.005995	28.951414
0.000000	-1.393394	-1.584615	-1.592308	-0.005777	0.000000	-0.005777	29.002201
0.000000	-1.362518	-1.461538	-1.461538	-0.006314	0.000000	-0.006314	29.052369
0.000000	-2.018513	-1.376923	-1.423077	-0.006195	0.000000	-0.006195	29.103633
0.000000	-1.404570	-2.100000	-2.107692	-0.006064	0.000000	-0.006064	29.151362
0.000000	-1.661649	-1.492308	-1.484615	-0.006274	0.000000	-0.006274	29.201846
0.000000	-2.074852	-1.746154	-1.784615	-0.006554	0.000000	-0.006554	29.250023
0.000000	-1.857381	-2.207692	-2.207692	-0.006548	0.000000	-0.006548	29.302350
0.000000	-2.017911	-2.000000	-1.969231	-0.006830	0.000000	-0.006830	29.350287
0.000000	-1.568111	-2.100000	-2.138462	-0.006216	0.000000	-0.006216	29.400273
0.000000	-1.400366	-1.638462	-1.684615	-0.005986	0.000000	-0.005986	29.449731
0.000000	-1.235670	-1.469231	-1.469231	-0.005742	0.000000	-0.005742	29.503296
0.000000	-2.173188	-1.292308	-1.261538	-0.006205	0.000000	-0.006205	29.552216
0.000000	-1.567037	-2.300000	-2.323077	-0.006239	0.000000	-0.006239	29.601669
0.000000	-1.912375	-1.676923	-1.646154	-0.006657	0.000000	-0.006657	29.648787
0.000000	-1.576280	-2.061538	-1.992308	-0.006487	0.000000	-0.006487	29.698381
0.000000	-1.332654	-1.638462	-1.646154	-0.006429	0.000000	-0.006429	29.746697
0.000000	-1.331916	-1.384615	-1.446154	-0.006541	0.000000	-0.006541	29.858217
0.000000	-2.081660	-1.369231	-1.415385	-0.006981	0.000000	-0.006981	29.909421
0.000000	-1.970435	-2.138462	-2.169231	-0.006606	0.000000	-0.006606	29.959083
0.000000	-1.931627	-2.023077	-2.092308	-0.006948	0.000000	-0.006948	30.011837
0.000000	-1.600378	-2.038462	-2.030769	-0.006139	0.000000	-0.006139	30.058579
0.000000	-1.374317	-1.653846	-1.707692	-0.005751	0.000000	-0.005751	30.107939
0.000000	-2.014196	-1.446154	-1.469231	-0.005684	0.000000	-0.005684	30.156889
0.000000	-1.173712	-2.115385	-2.084615	-0.004870	0.000000	-0.004870	30.206495
0.000000	-0.909731	-1.238462	-1.253846	-0.004881	0.000000	-0.004881	30.254913
0.000000	-1.338167	-0.953846	-0.961538	-0.004875	0.000000	-0.004875	30.308727
0.000000	-1.813498	-1.392308	-1.376923	-0.005135	0.000000	-0.005135	30.358471
0.000000	-1.576548	-1.953846	-1.953846	-0.005595	0.000000	-0.005595	30.408233
0.000000	-1.461388	-1.630769	-1.653846	-0.006216	0.000000	-0.006216	30.455693
0.000000	-1.850930	-1.530769	-1.476923	-0.005978	0.000000	-0.005978	30.505847
0.000000	-1.573597	-1.984615	-1.930769	-0.005971	0.000000	-0.005971	30.554712
0.000000	-1.761218	-1.623077	-1.684615	-0.006116	0.000000	-0.006116	30.605704
0.000000	-1.634642	-1.861538	-1.869231	-0.006084	0.000000	-0.006084	30.654087
0.000000	-1.637385	-1.753846	-1.730769	-0.005825	0.000000	-0.005825	30.704278
0.000000	-1.442888	-1.738462	-1.753846	-0.005065	0.000000	-0.005065	30.753661
0.000000	-1.086847	-1.500000	-1.530769	-0.004424	0.000000	-0.004424	30.805629
0.000000	-1.056803	-1.184615	-1.123077	-0.004241	0.000000	-0.004241	30.852703
0.000000	-0.866053	-1.092308	-1.123077	-0.004262	0.000000	-0.004262	30.902816
0.000000	-0.892183	-0.846154	-0.876923	-0.003677	0.000000	-0.003677	30.950398
0.000000	-1.109940	-0.915385	-0.938462	-0.003798	0.000000	-0.003798	31.000060
0.000000	-0.980883	-1.153846	-1.138462	-0.003312	0.000000	-0.003312	31.049304
0.000000	-0.716059	-1.000000	-1.015385	-0.003297	0.000000	-0.003297	31.098922
0.000000	-1.014773	-0.761538	-0.746154	-0.003761	0.000000	-0.003761	31.147451
0.000000	-1.183423	-1.092308	-1.046154	-0.003789	0.000000	-0.003789	31.200299
0.000000	-1.333758	-1.200000	-1.230769	-0.003922	0.000000	-0.003922	31.247741
0.000000	-0.902970	-1.392308	-1.346154	-0.003716	0.000000	-0.003716	31.298646
0.000000	-0.948304	-0.961538	-0.930769	-0.003638	0.000000	-0.003638	31.345205
0.000000	-1.171572	-1.046154	-0.969231	-0.003864	0.000000	-0.003864	31.395787
0.000000	-0.859231	-1.230769	-1.215385	-0.004217	0.000000	-0.004217	31.442933
0.000000	-1.511803	-0.938462	-0.892308	-0.004877	0.000000	-0.004877	31.493610
0.000000	-1.289663	-1.615385	-1.576923	-0.005701	0.000000	-0.005701	31.542879
0.000000	-2.052095	-1.376923	-1.338462	-0.006014	0.000000	-0.006014	31.594820
0.000000	-1.384059	-2.161538	-2.123077	-0.005747	0.000000	-0.005747	31.644019
0.000000	-1.089980	-1.500000	-1.423077	-0.005905	0.000000	-0.005905	31.693468
0.000000	-1.550657	-1.130769	-1.130769	-0.005797	0.000000	-0.005797	31.740162
0.000000	-1.900330	-1.630769	-1.638462	-0.005895	0.000000	-0.005895	31.791743
0.000000	-1.390612	-1.930769	-1.984615	-0.005591	0.000000	-0.005591	31.840295
0.000000	-1.918953	-1.469231	-1.469231	-0.006102	0.000000	-0.006102	31.890231
0.000000	-1.603105	-1.984615	-2.046154	-0.005339	0.000000	-0.005339	31.937449
0.000000	-1.158615	-1.661538	-1.684615	-0.005318	0.000000	-0.005318	31.989010
0.000000	-1.308125	-1.153846	-1.238462	-0.005594	0.000000	-0.005594	32.038180
0.000000	-1.436162	-1.361538	-1.346154	-0.005378	0.000000	-0.005378	32.090803
0.000000	-1.824051	-1.530769	-1.507692	-0.005198	0.000000	-0.005198	32.138089
0.000000	-1.728122	-1.961538	-1.930769	-0.005025	0.000000	-0.005025	32.186463
0.000000	-1.305191	-1.800000	-1.815385	-0.005033	0.000000	-0.005033	32.235836
0.000000	-1.312776	-1.392308	-1.384615	-0.005492	0.000000	-0.005492	32.285224
0.000000	-1.852816	-1.384615	-1.369231	-0.005592	0.000000	-0.005592	32.334639
0.000000	-1.619965	-1.923077	-2.000000	-0.005495	0.000000	-0.005495	32.387109
0.000000	-1.621345	-1.715385	-1.707692	-0.005800	0.000000	-0.005800	32.436112
0.000000	-1.603985	-1.661538	-1.676923	-0.005307	0.000000	-0.005307	32.488213
0.000000	-1.172685	-1.653846	-1.661538	-0.005082	0.000000	-0.005082	32.536229
0.000000	-1.042969	-1.200000	-1.184615	-0.004688	0.000000	-0.004688	32.586303
0.000000	-1.154214	-1.053846	-1.092308	-0.004311	0.000000	-0.004311	32.634029
0.000000	-1.022133	-1.207692	-1.230769	-0.004410	0.000000	-0.004410	32.684451
0.000000	-1.617550	-1.038462	-1.069231	-0.004595	0.000000	-0.004595	32.733571
0.000000	-1.029933	-1.684615	-1.676923	-0.004378	0.000000	-0.004378	32.782923
0.000000	-0.814197	-0.992308	-1.053846	-0.004788	0.000000	-0.004788	32.833077
0.000000	-1.403361	-0.884615	-0.861538	-0.004715	0.000000	-0.004715	32.884358
0.000000	-1.138689	-1.492308	-1.453846	-0.004929	0.000000	-0.004929	32.933831
0.000000	-1.367089	-1.215385	-1.176923	-0.005281	0.000000	-0.005281	32.983795
0.000000	-1.951470	-1.430769	-1.423077	-0.005663	0.000000	-0.005663	33.031542
0.000000	-1.305600	-2.015385	-1.992308	-0.005289	0.000000	-0.005289	33.081128
0.000000	-1.733156	-1.392308	-1.407692	-0.005603	0.000000	-0.005603	33.130874
0.000000	-1.579762	-1.776923	-1.807692	-0.005154	0.000000	-0.005154	33.178583
0.000000	-1.140150	-1.669231	-1.615385	-0.005333	0.000000	-0.005333	33.228131
0.000000	-1.475663	-1.230769	-1.192308	-0.005287	0.000000	-0.005287	33.278572
0.000000	-1.421812	-1.561538	-1.561538	-0.005199	0.000000	-0.005199	33.331636
0.000000	-1.204709	-1.461538	-1.476923	-0.004833	0.000000	-0.004833	33.380798
0.000000	-1.001253	-1.223077	-1.276923	-0.004574	0.000000	-0.004574	33.429141
0.000000	-1.349944	-1.069231	-1.069231	-0.004395	0.000000	-0.004395	33.475901
0.000000	-1.053848	-1.446154	-1.400000	-0.004417	0.000000	-0.004417	33.525851
0.000000	-1.178670	-1.100000	-1.100000	-0.004295	0.000000	-0.004295	33.574635
0.000000	-0.982500	-1.284615	-1.192308	-0.003912	0.000000	-0.003912	33.625926
0.000000	-1.083108	-1.038462	-1.076923	-0.004180	0.000000	-0.004180	33.673859
0.000000	-1.393701	-1.123077	-1.092308	-0.004648	0.000000	-0.004648	33.725163
0.000000	-1.679571	-1.484615	-1.430769	-0.005183	0.000000	-0.005183	33.774431
0.000000	-1.136160	-1.776923	-1.738462	-0.005090	0.000000	-0.005090	33.824141
0.000000	-1.400926	-1.207692	-1.176923	-0.005436	0.000000	-0.005436	33.872753
0.000000	-1.428973	-1.484615	-1.476923	-0.005571	0.000000	-0.005571	33.924151
0.000000	-1.158880	-1.453846	-1.515385	-0.005477	0.000000	-0.005477	33.971342
0.000000	-1.013828	-1.230769	-1.207692	-0.005356	0.000000	-0.005356	34.022364
0.000000	-1.309343	-1.046154	-1.069231	-0.005529	0.000000	-0.005529	34.070139
0.000000	-1.327153	-1.361538	-1.400000	-0.005430	0.000000	-0.005430	34.121783
0.000000	-1.566772	-1.438462	-1.415385	-0.006042	0.000000	-0.006042	34.171645
0.000000	-1.624439	-1.615385	-1.630769	-0.006150	0.000000	-0.006150	34.223215
0.000000	-1.953501	-1.730769	-1.676923	-0.006795	0.000000	-0.006795	34.269770
0.000000	-1.923342	-2.038462	-2.100000	-0.006685	0.000000	-0.006685	34.320013
0.000000	-2.061820	-2.023077	-1.969231	-0.006891	0.000000	-0.006891	34.367528
0.000000	-1.551377	-2.161538	-2.138462	-0.007178	0.000000	-0.007178	34.419189
0.000000	-2.004297	-1.646154	-1.600000	-0.007119	0.000000	-0.007119	34.466838
0.000000	-1.862917	-2.115385	-2.100000	-0.006673	0.000000	-0.006673	34.518884
0.000000	-1.488455	-1.969231	-1.953846	-0.006619	0.000000	-0.006619	34.568005
0.000000	-1.810772	-1.546154	-1.538462	-0.006431	0.000000	-0.006431	34.620195
0.000000	-1.743841	-1.915385	-1.907692	-0.006310	0.000000	-0.006310	34.668229
0.000000	-1.611144	-1.815385	-1.876923	-0.006380	0.000000	-0.006380	34.717011
0.000000	-1.923121	-1.661538	-1.653846	-0.006403	0.000000	-0.006403	34.782990
0.000000	-1.396472	-2.046154	-2.007692	-0.006224	0.000000	-0.006224	34.875303
0.000000	-1.764115	-1.492308	-1.484615	-0.005504	0.000000	-0.005504	34.926145
0.000000	-1.615485	-1.900000	-1.823077	-0.005090	0.000000	-0.005090	34.975500
0.000000	-1.680888	-1.753846	-1.700000	-0.004988	0.000000	-0.004988	35.029054
0.000000	-2.019650	-1.823077	-1.700000	-0.004969	0.000000	-0.004969	35.077864
0.000000	-1.582720	-2.153846	-2.100000	-0.005359	0.000000	-0.005359	35.127197
0.000000	-1.500349	-1.669231	-1.638462	-0.005716	0.000000	-0.005716	35.173612
0.000000	-1.472589	-1.561538	-1.576923	-0.005763	0.000000	-0.005763	35.224285
0.000000	-1.627541	-1.546154	-1.523077	-0.005749	0.000000	-0.005749	35.272023
0.000000	-1.439165	-1.730769	-1.715385	-0.005790	0.000000	-0.005790	35.323911
0.000000	-1.348484	-1.500000	-1.484615	-0.005504	0.000000	-0.005504	35.372604
0.000000	-1.721483	-1.407692	-1.430769	-0.005169	0.000000	-0.005169	35.423790
0.000000	-1.328392	-1.792308	-1.784615	-0.004792	0.000000	-0.004792	35.473003
0.000000	-1.219145	-1.353846	-1.400000	-0.004587	0.000000	-0.004587	35.522869
0.000000	-1.087700	-1.300000	-1.269231	-0.004374	0.000000	-0.004374	35.570453
0.000000	-1.488369	-1.161538	-1.123077	-0.004722	0.000000	-0.004722	35.622089
0.000000	-0.790639	-1.569231	-1.561538	-0.003927	0.000000	-0.003927	35.669526
0.000000	-1.140731	-0.807692	-0.884615	-0.003788	0.000000	-0.003788	35.719274
0.039562	-1.175636	-1.200000	-1.184615	-0.003825	0.000000	-0.003825	35.767220
-0.051359	-0.760689	-1.246154	-1.261538	-0.003629	0.000000	-0.003629	35.818003
0.075354	-0.313164	-0.784615	-0.838462	-0.003227	0.000000	-0.003227	35.867627
0.131341	-0.487168	-0.361538	-0.315385	-0.002721	0.000000	-0.002721	35.919652
0.345780	-0.244677	-0.538462	-0.507692	-0.002365	0.000000	-0.002365	35.967076
-0.282055	-0.263081	-0.223077	-0.230769	-0.001557	0.000000	-0.001557	36.016145
-1.103466	0.217025	-0.284615	-0.261538	-0.000715	0.000000	-0.000715	36.064939
-1.555177	0.880723	0.215385	0.253846	0.000396	0.000000	0.000396	36.114971
-2.033263	0.945015	0.961538	0.892308	0.001204	0.000000	0.001204	36.163598
-2.305529	1.076492	0.992308	0.969231	0.002299	0.000000	0.002299	36.214717
-2.590141	1.649135	1.084615	1.169231	0.003397	0.000000	0.003397	36.264110
-2.771956	1.795185	1.776923	1.769231	0.004261	0.000000	0.004261	36.315683
-2.729710	1.297737	1.876923	1.869231	0.004898	0.000000	0.004898	36.364060
-3.413208	1.753100	1.323077	1.369231	0.005732	0.000000	0.005732	36.413751
-3.184327	2.506884	1.846154	1.815385	0.006620	0.000000	0.006620	36.461209
-2.575840	2.265283	2.653846	2.646154	0.007122	0.000000	0.007122	36.512182
-3.216087	1.909797	2.376923	2.353846	0.007739	0.000000	0.007739	36.560685
-3.471034	2.397910	2.015385	2.000000	0.008627	0.000000	0.008627	36.611231
-3.206341	2.945566	2.492308	2.553846	0.009449	0.000000	0.009449	36.661236
-3.829120	2.858857	3.130769	3.092308	0.009785	0.000000	0.009785	36.713079
-4.555129	3.166634	3.007692	3.046154	0.010552	0.000000	0.010552	36.762970
-4.646422	3.525630	3.353846	3.323077	0.011224	0.000000	0.011224	36.812549
-4.772972	3.827930	3.784615	3.684615	0.012048	0.000000	0.012048	36.859750
-4.234872	3.338353	3.992308	4.000000	0.012708	0.000000	0.012708	36.911234
-4.307105	3.559123	3.469231	3.500000	0.013458	0.000000	0.013458	36.958268
-4.459508	4.067061	3.730769	3.753846	0.014729	0.000000	0.014729	37.008444
-4.917863	4.646713	4.307692	4.300000	0.015819	0.000000	0.015819	37.056825
-5.154823	4.583704	4.876923	4.923077	0.017072	0.000000	0.017072	37.109742
-4.915217	5.510275	4.830769	4.838462	0.018499	0.000000	0.018499	37.161370
-4.536480	5.759170	5.761538	5.746154	0.019561	0.000000	0.019561	37.211731
-3.960056	5.472054	6.023077	6.061538	0.020524	0.000000	0.020524	37.259245
-3.615776	5.980959	5.730769	5.746154	0.021519	0.000000	0.021519	37.311008
-2.801135	5.452875	6.261538	6.330769	0.021995	0.000000	0.021995	37.358870
-2.754644	5.544309	5.715385	5.730769	0.022484	0.000000	0.022484	37.410722
-2.902914	5.484584	5.815385	5.853846	0.022723	0.000000	0.022723	37.457890
-2.646875	6.066290	5.769231	5.730769	0.022920	0.000000	0.022920	37.510210
-1.926668	5.845714	6.369231	6.423077	0.023022	0.000000	0.023022	37.559264
-2.254610	5.727312	6.138462	6.161538	0.023192	0.000000	0.023192	37.613036
-2.185342	6.049561	5.969231	6.030769	0.023833	0.000000	0.023833	37.661328
-2.492569	5.929679	6.330769	6.361538	0.024017	0.000000	0.024017	37.710320
-3.044861	6.329398	6.223077	6.269231	0.024776	0.000000	0.024776	37.757662
-3.963423	6.973248	6.638462	6.676923	0.025572	0.000000	0.025572	37.808328
-3.987287	7.060756	7.315385	7.315385	0.025978	0.000000	0.025978	37.855070
-4.305168	6.934564	7.400000	7.430769	0.026657	0.000000	0.026657	37.907261
-4.366593	6.850297	7.323077	7.284615	0.027078	0.000000	0.027078	37.955199
-4.077109	7.030275	7.200000	7.161538	0.028014	0.000000	0.028014	38.007988
-4.249045	7.853247	7.376923	7.376923	0.029118	0.000000	0.029118	38.055399
-4.219709	7.606756	8.230769	8.238462	0.029451	0.000000	0.029451	38.105101
-4.565014	7.690431	7.992308	7.923077	0.029792	0.000000	0.029792	38.152131
-4.518853	7.168615	8.053846	8.115385	0.029825	0.000000	0.029825	38.204070
-4.244535	7.105400	7.523077	7.561538	0.029738	0.000000	0.029738	38.251683
-4.000986	7.609952	7.469231	7.500000	0.029951	0.000000	0.029951	38.301866
-3.584764	7.243763	8.000000	7.992308	0.029973	0.000000	0.029973	38.349750
-3.211727	7.688222	7.569231	7.615385	0.030096	0.000000	0.030096	38.401940
-3.468612	7.591516	8.053846	8.130769	0.030486	0.000000	0.030486	38.451451
-3.271941	7.651166	7.946154	8.015385	0.030329	0.000000	0.030329	38.502320
-3.381933	7.968355	8.038462	8.084615	0.030610	0.000000	0.030610	38.549759
-3.349072	7.485142	8.369231	8.346154	0.030558	0.000000	0.030558	38.624086
-3.024190	7.163932	7.876923	7.838462	0.029640	0.000000	0.029640	38.673166
-3.203863	7.437249	7.523077	7.500000	0.029688	0.000000	0.029688	38.723448
-2.996582	7.427656	7.807692	7.792308	0.029700	0.000000	0.029700	38.771953
-3.041909	7.465745	7.784615	7.830769	0.029841	0.000000	0.029841	38.824702
-3.227696	7.408397	7.830769	7.861538	0.029665	0.000000	0.029665	38.874424
-3.115873	7.338293	7.784615	7.792308	0.029820	0.000000	0.029820	38.924390
-2.724969	7.535628	7.707692	7.638462	0.029708	0.000000	0.029708	38.971879
-1.305502	7.307864	7.915385	7.930769	0.029448	0.000000	0.029448	39.021595
-0.575295	7.366761	7.676923	7.661538	0.029892	0.000000	0.029892	39.070935
0.127698	6.986676	7.715385	7.715385	0.029486	0.000000	0.029486	39.120916
0.000000	6.439345	7.330769	7.361538	0.028249	0.000000	0.028249	39.168530
0.000000	5.490033	6.746154	6.784615	0.027209	0.000000	0.027209	39.218662
0.000000	5.147758	5.776923	5.792308	0.025139	0.000000	0.025139	39.269415
0.000000	4.168028	5.384615	5.430769	0.022443	0.000000	0.022443	39.321566
0.000000	3.029563	4.407692	4.415385	0.020058	0.000000	0.020058	39.369325
0.000000	2.448067	3.169231	3.215385	0.017687	0.000000	0.017687	39.417632
0.000000	1.674132	2.584615	2.546154	0.014406	0.000000	0.014406	39.465224
0.000000	0.261456	1.769231	1.807692	0.011549	0.000000	0.011549	39.514927
0.000000	-0.140738	0.269231	0.261538	0.009337	0.000000	0.009337	39.564597
0.000000	0.159789	-0.169231	-0.146154	0.007028	0.000000	0.007028	39.614922
0.000000	-0.687056	0.215385	0.146154	0.003281	0.000000	0.003281	39.663281
0.000000	-1.851221	-0.715385	-0.684615	-0.000766	0.000000	-0.000766	39.714630
0.000000	-3.243768	-1.984615	-1.938462	-0.006592	0.000000	-0.006592	39.776672
0.000000	-5.559589	-3.430769	-3.376923	-0.014635	0.000000	-0.014635	39.876542
0.000000	-7.078020	-5.700000	-5.830769	-0.017117	0.000000	-0.017117	39.925986
0.000000	-6.417393	-7.484615	-7.415385	-0.018478	0.000000	-0.018478	39.974069
0.000000	-6.437219	-6.676923	-6.738462	-0.021335	0.000000	-0.021335	40.025162
0.000000	-6.336506	-6.769231	-6.792308	-0.022550	0.000000	-0.022550	40.075548
0.000000	-6.113090	-6.592308	-6.661538	-0.022150	0.000000	-0.022150	40.126515
0.000000	-5.622464	-6.469231	-6.407692	-0.021332	0.000000	-0.021332	40.175639
0.000000	-4.838673	-5.961538	-5.892308	-0.020363	0.000000	-0.020363	40.224255
0.000000	-3.595906	-5.092308	-5.100000	-0.018896	0.000000	-0.018896	40.272100
0.000000	-3.034341	-3.784615	-3.776923	-0.016569	0.000000	-0.016569	40.322838
0.000000	-3.472794	-3.238462	-3.169231	-0.014867	0.000000	-0.014867	40.371172
0.000000	-2.876771	-3.669231	-3.676923	-0.013025	0.000000	-0.013025	40.421047
0.000000	-1.461419	-3.061538	-3.000000	-0.010808	0.000000	-0.010808	40.468639
0.000000	-1.101941	-1.561538	-1.515385	-0.008913	0.000000	-0.008913	40.519635
0.000000	-0.935791	-1.115385	-1.153846	-0.007657	0.000000	-0.007657	40.570963
0.000000	-0.778241	-0.961538	-0.969231	-0.006398	0.000000	-0.006398	40.620298
0.000000	-0.527200	-0.807692	-0.838462	-0.004907	0.000000	-0.004907	40.668656
0.000000	-0.302655	-0.592308	-0.553846	-0.003946	0.000000	-0.003946	40.718227
0.000000	-0.399341	-0.338462	-0.330769	-0.003460	0.000000	-0.003460	40.766056
0.000000	-0.405045	-0.423077	-0.400000	-0.002862	0.000000	-0.002862	40.817464
0.000000	-0.723488	-0.369231	-0.423077	-0.002440	0.000000	-0.002440	40.864864
0.000000	-0.505072	-0.715385	-0.769231	-0.002125	0.000000	-0.002125	40.915482
0.000000	-0.613761	-0.484615	-0.530769	-0.002172	0.000000	-0.002172	40.964880
0.000000	-1.061243	-0.630769	-0.646154	-0.002537	0.000000	-0.002537	41.018875
0.000000	-1.279212	-1.084615	-1.130769	-0.003084	0.000000	-0.003084	41.066895
0.000000	-1.191532	-1.338462	-1.346154	-0.003330	0.000000	-0.003330	41.115795
0.000000	-1.070449	-1.315385	-1.269231	-0.003592	0.000000	-0.003592	41.163079
0.000000	-1.655704	-1.123077	-1.161538	-0.004108	0.000000	-0.004108	41.213032
0.000000	-1.658132	-1.761538	-1.769231	-0.004197	0.000000	-0.004197	41.260989
0.000000	-1.045415	-1.769231	-1.723077	-0.004627	0.000000	-0.004627	41.312661
0.000000	-1.885539	-1.107692	-1.092308	-0.005638	0.000000	-0.005638	41.361987
0.000000	-1.655697	-2.069231	-1.961538	-0.005499	0.000000	-0.005499	41.414048
0.000000	-1.037508	-1.753846	-1.738462	-0.004540	0.000000	-0.004540	41.461081
0.000000	-0.539023	-1.061538	-1.107692	-0.004334	0.000000	-0.004334	41.511184
0.000000	-1.601977	-0.615385	-0.569231	-0.005057	0.000000	-0.005057	41.558450
0.000000	-1.558036	-1.669231	-1.676923	-0.004530	0.000000	-0.004530	41.610201
0.000000	-1.292019	-1.623077	-1.661538	-0.004405	0.000000	-0.004405	41.657625
0.000000	-0.707145	-1.307692	-1.376923	-0.004652	0.000000	-0.004652	41.707283
0.000000	-1.480963	-0.753846	-0.761538	-0.005451	0.000000	-0.005451	41.754737
0.000000	-1.195373	-1.546154	-1.553846	-0.005072	0.000000	-0.005072	41.806631
0.000000	-1.527271	-1.300000	-1.238462	-0.005821	0.000000	-0.005821	41.857211
0.000000	-1.679681	-1.646154	-1.630769	-0.005814	0.000000	-0.005814	41.907115
0.000000	-1.628639	-1.700000	-1.815385	-0.005952	0.000000	-0.005952	41.953337
0.000000	-1.545420	-1.623077	-1.730769	-0.005687	0.000000	-0.005687	42.004827
0.000000	-1.106137	-1.561538	-1.607692	-0.005874	0.000000	-0.005874	42.052018
0.000000	-1.211633	-1.176923	-1.161538	-0.005841	0.000000	-0.005841	42.103334
0.000000	-1.386003	-1.261538	-1.292308	-0.005533	0.000000	-0.005533	42.152085
0.000000	-2.132030	-1.423077	-1.461538	-0.005534	0.000000	-0.005534	42.203292
0.000000	-0.946145	-2.284615	-2.230769	-0.005478	0.000000	-0.005478	42.252229
0.000000	-1.750101	-0.946154	-0.976923	-0.006305	0.000000	-0.006305	42.303583
0.000000	-1.874849	-1.830769	-1.800000	-0.006232	0.000000	-0.006232	42.351518
0.000000	-1.504732	-2.000000	-1.946154	-0.005604	0.000000	-0.005604	42.401793
0.000000	-1.329683	-1.615385	-1.600000	-0.005755	0.000000	-0.005755	42.449794
0.000000	-1.799963	-1.415385	-1.376923	-0.006092	0.000000	-0.006092	42.500561
0.000000	-1.331065	-1.930769	-1.876923	-0.005728	0.000000	-0.005728	42.547864
0.000000	-1.473570	-1.415385	-1.415385	-0.005793	0.000000	-0.005793	42.599030
0.000000	-1.539550	-1.523077	-1.515385	-0.005772	0.000000	-0.005772	42.648218
0.000000	-1.668228	-1.592308	-1.592308	-0.005588	-0.000000	-0.005588	42.700059
0.000000	-1.411898	-1.823077	-1.746154	-0.005194	-0.000000	-0.005194	42.754743
0.000000	-1.369741	-1.500000	-1.484615	-0.005242	-0.000000	-0.005242	42.804790
0.000000	-1.436387	-1.423077	-1.484615	-0.004815	-0.000000	-0.004815	42.852480
0.000000	-1.449156	-1.523077	-1.492308	-0.005180	-0.000000	-0.005180	42.902055
0.000000	-1.771685	-1.492308	-1.469231	-0.005701	-0.000000	-0.005701	42.948900
0.000000	-1.798189	-1.784615	-1.846154	-0.005675	-0.000000	-0.005675	42.999749
0.000000	-1.617197	-1.930769	-1.884615	-0.005567	-0.000000	-0.005567	43.048168
0.000000	-1.550120	-1.715385	-1.692308	-0.005526	-0.000000	-0.005526	43.101194
0.000000	-1.891866	-1.653846	-1.592308	-0.006043	-0.000000	-0.006043	43.149555
0.000000	-2.111661	-1.969231	-1.992308	-0.006015	-0.000000	-0.006015	43.198927
0.000000	-1.176000	-2.238462	-2.192308	-0.005778	-0.000000	-0.005778	43.245630
0.000000	-1.037474	-1.161538	-1.215385	-0.005726	-0.000000	-0.005726	43.294427
0.000000	-1.594294	-1.107692	-1.076923	-0.006039	-0.000000	-0.006039	43.344415
0.000000	-2.003027	-1.661538	-1.676923	-0.006516	-0.000000	-0.006516	43.393692
0.000000	-1.668659	-2.092308	-2.100000	-0.006463	-0.000000	-0.006463	43.442243
0.000000	-1.376786	-1.753846	-1.753846	-0.006430	-0.000000	-0.006430	43.491083
0.000000	-1.653613	-1.500000	-1.469231	-0.006713	-0.000000	-0.006713	43.541941
0.000000	-1.452176	-1.715385	-1.776923	-0.006622	-0.000000	-0.006622	43.590972
0.000000	-1.819148	-1.538462	-1.523077	-0.006450	-0.000000	-0.006450	43.640833
0.000000	-1.855614	-1.830769	-1.915385	-0.007042	-0.000000	-0.007042	43.688996
0.000000	-2.157861	-1.907692	-1.976923	-0.007342	-0.000000	-0.007342	43.737960
0.000000	-2.405138	-2.246154	-2.261538	-0.007481	-0.000000	-0.007481	43.785335
0.000000	-1.670764	-2.538462	-2.530769	-0.007316	-0.000000	-0.007316	43.835038
0.000000	-1.346171	-1.776923	-1.746154	-0.007125	-0.000000	-0.007125	43.883330
0.000000	-1.867634	-1.361538	-1.430769	-0.007221	-0.000000	-0.007221	43.936408
0.000000	-2.102636	-2.030769	-1.953846	-0.006947	-0.000000	-0.006947	43.986325
0.000000	-2.090091	-2.238462	-2.176923	-0.006932	-0.000000	-0.006932	44.035176
0.000000	-2.190844	-2.238462	-2.161538	-0.007598	-0.000000	-0.007598	44.083054
0.000000	-1.984038	-2.338462	-2.269231	-0.007271	-0.000000	-0.007271	44.132266
0.000000	-1.655660	-2.100000	-2.076923	-0.006793	-0.000000	-0.006793	44.181182
0.000000	-1.873447	-1.753846	-1.753846	-0.006951	-0.000000	-0.006951	44.231486
0.000000	-1.757197	-1.915385	-1.976923	-0.006893	-0.000000	-0.006893	44.279820
0.000000	-1.811688	-1.792308	-1.838462	-0.007250	-0.000000	-0.007250	44.330896
0.000000	-1.901877	-1.915385	-1.892308	-0.006969	-0.000000	-0.006969	44.379981
0.000000	-1.745441	-2.015385	-1.976923	-0.006753	-0.000000	-0.006753	44.432266
0.000000	-1.642200	-1.815385	-1.800000	-0.006404	-0.000000	-0.006404	44.479466
0.000000	-1.154399	-1.707692	-1.746154	-0.005692	-0.000000	-0.005692	44.529352
0.000000	-1.417819	-1.207692	-1.169231	-0.005691	-0.000000	-0.005691	44.578031
0.000000	-2.142177	-1.515385	-1.500000	-0.005888	-0.000000	-0.005888	44.627529
0.000000	-1.859946	-2.192308	-2.238462	-0.006282	-0.000000	-0.006282	44.676031
0.000000	-1.731198	-2.015385	-1.969231	-0.006560	-0.000000	-0.006560	44.726536
0.000000	-1.623005	-1.853846	-1.807692	-0.006490	-0.000000	-0.006490	44.808666
0.000000	-1.648312	-1.738462	-1.707692	-0.006441	-0.000000	-0.006441	44.894258
0.000000	-1.820943	-1.707692	-1.753846	-0.006232	-0.000000	-0.006232	44.942651
0.000000	-1.399376	-1.961538	-1.892308	-0.006059	-0.000000	-0.006059	44.990954
0.000000	-1.498979	-1.461538	-1.453846	-0.005913	-0.000000	-0.005913	45.040947
0.000000	-1.432185	-1.569231	-1.561538	-0.006112	-0.000000	-0.006112	45.090338
0.000000	-1.574130	-1.523077	-1.492308	-0.005816	-0.000000	-0.005816	45.140687
0.000000	-1.006787	-1.692308	-1.630769	-0.005002	-0.000000	-0.005002	45.189682
0.000000	-1.832910	-1.130769	-1.053846	-0.005958	-0.000000	-0.005958	45.241530
0.000000	-1.671342	-1.953846	-1.930769	-0.006175	-0.000000	-0.006175	45.290319
0.000000	-1.711115	-1.776923	-1.753846	-0.006471	-0.000000	-0.006471	45.339897
0.000000	-1.777408	-1.784615	-1.784615	-0.006373	-0.000000	-0.006373	45.388437
0.000000	-2.169452	-1.915385	-1.823077	-0.006740	-0.000000	-0.006740	45.438003
0.000000	-1.827356	-2.300000	-2.292308	-0.007064	-0.000000	-0.007064	45.486245
0.000000	-1.705432	-1.884615	-1.892308	-0.006771	-0.000000	-0.006771	45.535753
0.000000	-1.880473	-1.753846	-1.776923	-0.006843	-0.000000	-0.006843	45.584235
0.000000	-1.628989	-1.907692	-1.930769	-0.006807	-0.000000	-0.006807	45.636462
0.000000	-1.479253	-1.730769	-1.684615	-0.006725	-0.000000	-0.006725	45.687129
0.000000	-1.876222	-1.576923	-1.507692	-0.006609	-0.000000	-0.006609	45.735708
0.000000	-1.609506	-2.023077	-1.953846	-0.006271	-0.000000	-0.006271	45.782323
0.000000	-1.652695	-1.676923	-1.661538	-0.006006	-0.000000	-0.006006	45.831742
0.000000	-2.061116	-1.738462	-1.715385	-0.005915	-0.000000	-0.005915	45.879300
0.000000	-1.276237	-2.153846	-2.161538	-0.005766	-0.000000	-0.005766	45.931029
0.000000	-1.008706	-1.376923	-1.361538	-0.005611	-0.000000	-0.005611	45.979512
0.000000	-1.354306	-1.138462	-1.053846	-0.005544	-0.000000	-0.005544	46.030480
-1.130706	-1.518404	-1.446154	-1.392308	-0.005453	-0.004462	-0.000991	46.079535
-1.777514	0.037010	-1.623077	-1.576923	-0.005325	-0.006831	0.001505	46.130067
-2.175010	0.482955	0.100000	0.046154	-0.005462	-0.007907	0.002446	46.178500
-1.943564	0.504084	0.476923	0.492308	-0.005670	-0.009552	0.003882	46.228812
-2.282067	0.624510	0.538462	0.530769	-0.005510	-0.010239	0.004730	46.276931
-2.290265	1.032827	0.623077	0.676923	-0.005418	-0.011682	0.006264	46.327097
-2.028581	1.641950	1.046154	1.092308	-0.005869	-0.015052	0.009182	46.374431
-1.472863	2.111268	1.707692	1.715385	-0.006362	-0.017142	0.010780	46.425379
-0.278969	2.308368	2.246154	2.230769	-0.006917	-0.020650	0.013733	46.474450
0.551523	2.346376	2.376923	2.446154	-0.008461	-0.025715	0.017254	46.527842
1.306664	3.157632	2.446154	2.461538	-0.009150	-0.029888	0.020738	46.575476
2.653089	4.042396	3.253846	3.330769	-0.010675	-0.037803	0.027128	46.624972
4.391772	5.425166	4.253846	4.276923	-0.012646	-0.043652	0.031006	46.672550
5.628844	5.509805	5.684615	5.661538	-0.016021	-0.050135	0.034114	46.723379
8.242869	5.574708	5.753846	5.838462	-0.019619	-0.059207	0.039588	46.771097
10.320695	6.539813	5.830769	5.853846	-0.023098	-0.068296	0.045198	46.822964
13.083387	6.750856	6.861538	6.869231	-0.025943	-0.079530	0.053587	46.870807
15.063669	9.481987	7.023077	7.076923	-0.028116	-0.092629	0.064514	46.923365
19.784330	12.595629	9.976923	9.907692	-0.031919	-0.115144	0.083225	46.972590
24.040055	16.216379	13.200000	13.223077	-0.038957	-0.132169	0.093212	47.022679
28.643099	16.724445	17.015385	16.984615	-0.048471	-0.147015	0.098544	47.069719
34.064601	15.811328	17.630769	17.538462	-0.058237	-0.168871	0.110634	47.120606
45.234040	16.903014	16.615385	16.692308	-0.066790	-0.213997	0.147207	47.168186
64.721056	24.824570	17.730769	17.692308	-0.078724	-0.300872	0.222149	47.219829
91.582537	41.970519	26.069231	26.023077	-0.095942	-0.407397	0.311455	47.267700
122.115554	61.607587	44.107692	44.053846	-0.122264	-0.485089	0.362825	47.318743
149.318814	67.568664	51.630769	51.361538	-0.151080	-0.557818	0.406737	47.368129
158.022100	72.208609	51.584615	51.638462	-0.180563	-0.611068	0.430505	47.420118
196.453228	74.322673	51.553846	51.546154	-0.208053	-0.747507	0.539454	47.467310
211.949894	99.209033	51.561538	51.600000	-0.239795	-0.789772	0.549978	47.517317
67.732196	100.765103	51.361538	51.446154	-0.275213	-0.367684	0.092471	47.564814
67.020651	-12.613641	51.400000	51.392308	-0.298512	-0.184442	-0.114070	47.614878
52.883646	-31.518777	-13.561538	-13.200000	-0.290474	-0.211074	-0.079401	47.662533
33.491139	-6.422568	-33.084615	-33.176923	-0.280421	-0.230062	-0.050359	47.715330
-33.524836	-7.952846	-6.723077	-6.807692	-0.298089	0.059019	-0.357108	47.765001
-11.291638	-80.952923	-8.361538	-8.392308	-0.308237	0.084506	-0.392743	47.816795
2.332296	-88.323718	-51.430769	-51.438462	-0.284580	0.001847	-0.286428	47.864290
