 -0.0658402   0.0363024     0.96053  0.00175891 -0.00307301  0.00470832 -4.70669
 -0.275334   0.149209   0.477095 0.00117968  0.0100128 0.00419893 -4.70669
 -0.121445  0.0769425   0.338511 0.00543211 0.00344746 0.00188267 -4.70572
   0.529556     -0.2687    0.593843 -0.00821232    0.012137  0.00906175 -4.61278
  0.645403  -0.513932   0.256515 -0.0134843  0.0179078 0.00563694 -4.58431
   0.507029   -0.213331   -0.197553 -0.00583375   0.0154433  0.00528883 -4.58463
   0.470926   -0.306071    0.841598 -0.00780388   0.0159998   0.0031666 -4.58563
   0.396582   -0.421728  -0.0850121 -0.00868179   0.0139404 -0.00249755 -4.59048
  0.377541  0.0708367   0.159573 -0.0106629  0.0244147  0.0081368 -4.53162
   0.597007   -0.255155    0.247337  -0.0186523   0.0449609 0.000718776 -4.43337
   1.14432   0.203269 -0.0692883 -0.0142292  0.0467229 0.00719816 -4.34724
   1.80536  -0.376427   0.167573 -0.0295237  0.0462144  0.0106723 -4.25646
   1.82626   0.192624 -0.0946485   -0.02979  0.0639502  0.0030563 -4.16531
   1.81247  0.0660747  -0.203678 -0.0403697  0.0798484 0.00331558 -4.08166
   2.61685   0.492196   0.268204 -0.0410478   0.079061 0.00795478 -3.99873
   2.69413   0.396544   0.115611 -0.0590562  0.0923919 0.00295298 -3.90358
   3.15289   0.863111   0.302008 -0.0710903  0.0920039 0.00288576 -3.81779
   2.58219    1.24542   0.504643 -0.0682227   0.112628 0.00573098 -3.73035
   3.06664    1.35493   0.602175 -0.0848489   0.116132 0.00691327 -3.64621
  3.32021   1.72146  0.585437 -0.107121  0.113037 0.0122973 -3.56505
   3.34868    1.74244 0.00703616   -0.10364   0.124339 0.00784469 -3.48284
    3.16517      2.9136    0.718022   -0.107775    0.130792 0.000593597 -3.38487
   3.22034    3.44677   0.159335  -0.108841   0.130107 0.00923496 -3.30179
   3.27217    3.23182  0.0413873  -0.130385   0.135036 0.00742401 -3.21694
   3.06616    3.63098   0.266693  -0.135776    0.13553 0.00540288 -3.13328
   3.06438    4.97344    0.67979  -0.125621   0.132297 0.00530238 -3.05148
    2.94971     5.30614    0.114561   -0.139165    0.135036 0.000646566 -2.96649
    3.2935    5.64288  0.0492686  -0.154063   0.127241 0.00980089 -2.86901
   2.79049    5.80473   0.401458  -0.161036   0.136523 0.00712145 -2.78496
     2.92144      6.87025     0.498261    -0.157045       0.1203 -0.000272573 -2.70261
    2.4421    7.29141   0.740048  -0.162119   0.126993 0.00862077 -2.6179
  2.61757   7.27062  0.657063 -0.173309  0.119384 0.0121847 -2.52009
   1.84168    7.65282   0.174209  -0.189655    0.11082 0.00997624 -2.43663
  2.16473   7.91779  0.798033 -0.198135 0.0932323 0.0129643 -2.35296
    1.80069     9.16426 -0.00729468   -0.179708   0.0929645  0.00485928 -2.26976
   1.45792    9.37011   0.573298  -0.178043  0.0782625 0.00724678 -2.18554
  1.31523   9.11436  0.486664 -0.199033  0.067995  0.010267 -2.10134
  1.08257   9.00069  0.280792  -0.20664  0.067919 0.0115143 -2.01783
    0.96687     9.88433    0.270224   -0.188018   0.0443343 -0.00151349 -1.93515
    0.566755      10.2157    0.0700876    -0.189662    0.0364276 -0.000691539 -1.83653
 0.394551   9.79442 -0.352746  -0.20625   0.02489 0.0104236 -1.75318
 -0.410236    9.70282  0.0574206  -0.217622  0.0147958 0.00342465 -1.66981
  -0.245696     9.39571   -0.306427    -0.21707 -0.00368648  0.00117623 -1.58609
 -0.534653    10.1404   0.496304  -0.194418  -0.011059 0.00399408 -1.50196
 -0.906918     8.9862   0.175138  -0.220916 -0.0249461  0.0118621 -1.41903
  -1.09207    8.88389  -0.510152  -0.215449 -0.0318697   0.003594 -1.33381
  -1.64475    8.90964   0.114948  -0.212235 -0.0375255 0.00662768 -1.23809
   -1.7391    9.07381   -0.48581  -0.201391 -0.0561816 0.00588709 -1.15385
  -2.47416    8.16447  0.0845882  -0.216435 -0.0515246 0.00756169 -1.07039
  -2.68995    8.00401   0.306084  -0.201576  -0.069268 0.00727231 -0.986492
  -3.09473    7.71763 -0.0330032  -0.199287 -0.0702721    0.01241 -0.90236
   -2.8954    7.36177   -0.52931  -0.198418 -0.0923071 0.00748965 -0.820584
  -2.92566    7.02317 -0.0840172  -0.197224  -0.101262  0.0162306 -0.735353
  -3.88941    6.28618  -0.176917  -0.193837 -0.0870057  0.0153137 -0.650854
  -4.23742    6.65235   0.369137  -0.176647 -0.0870702   0.013891 -0.552837
   -4.4584    5.92386 -0.0358532  -0.180293 -0.0970255  0.0152136 -0.472077
 -4.52625   5.31424 -0.617862 -0.165326 -0.103502 0.0085906 -0.386793
  -4.9388   4.79648 -0.500388 -0.163893 -0.104457 0.0205392 -0.3022
  -5.07854    5.06338  -0.380447  -0.137912 -0.0993292  0.0136429 -0.218959
 -5.12596   4.92657 -0.111259 -0.123717  -0.10475  0.006747 -0.122438
 -5.01425   3.96009  0.319033 -0.129747  -0.11033 0.0161937 -0.0385788
   -5.7259    3.23838  0.0286927  -0.126362 -0.0855599  0.0184583 0.0463175
  -5.35795    3.05927   0.118822  -0.115412 -0.0967249 0.00531089 0.129779
   -5.1359    3.21431   0.705329 -0.0902023 -0.0908234  0.0146183 0.22719
   -4.8793    2.39362  -0.135619 -0.0892421    -0.1043 0.00676022 0.310379
  -5.03723    2.40854  -0.412236  -0.075984 -0.0888698  0.0157929 0.394207
   -5.24271     2.38554 8.65735e-05  -0.0602833  -0.0783397   0.0084768 0.477564
  -4.65003    2.71411  -0.346668 -0.0306706 -0.0806487 0.00513791 0.561591
  -4.69553    1.76881  -0.270144  -0.045591 -0.0633087 0.00736076 0.644676
  -3.99701    1.37443  0.0821181 -0.0450996 -0.0717412  0.0108004 0.742976
  -3.88353    1.38081   0.491701 -0.0231086 -0.0598008 0.00392707 0.82759
  -2.98111    1.31331   0.148006 -0.0176801 -0.0638734  0.0092241 0.910758
   -2.90438     1.55498    0.245492 -0.00296261  -0.0476475  0.00887815 0.993424
   -2.75465    0.869575  -0.0296119 -0.00514867  -0.0439488  0.00274701 1.07789
   -2.58458    0.709043   -0.238749 -0.00156831  -0.0338447  0.00120599 1.16119
     -1.7468     0.177925    -0.833413  -0.00844118   -0.0226675 -0.000620342 1.25984
   -1.19512    0.278702   -0.383059  0.00306962  -0.0200998 -0.00613007 1.34195
  -0.713277    -0.11258   -0.672912 -0.00327138   -0.011814  0.00323649 1.42597
 -0.584865   0.282999  -0.520373 0.00431008 0.00217765  0.0109589 1.50938
-0.0660245   0.211267  -0.191567 0.00429412 0.00582053 0.00792874 1.59275
  0.743944   0.505041  -0.598363 0.00462064  0.0135521 0.00542379 1.69139
  0.611918  -0.540902   -0.48139 -0.0185522  0.0286072 0.00667857 1.77487
   1.02938  -0.336286  -0.373573 -0.0227446  0.0407231  0.0150297 1.85833
   1.35439  -0.159079  -0.336096 -0.0210209  0.0430149 0.00307475 1.94264
    1.5732  -0.281309   -0.65393 -0.0309452  0.0569729 0.00709527 2.02624
   1.81923   0.260639   -0.53834 -0.0320219  0.0669569  0.0138215 2.10875
   1.98003  -0.176539  -0.533108 -0.0489557  0.0791272  0.0151326 2.207
   2.53491   0.764053  -0.512221 -0.0467345  0.0779416 0.00751893 2.29132
    2.66529 -0.00529019   -0.141459  -0.0714776   0.0876701  0.00823371 2.37456
   3.20844   0.975096  -0.272083 -0.0655498   0.100757 0.00440221 2.45795
   2.67024   0.744111  -0.335776 -0.0807581   0.113862 0.00979353 2.54067
   2.84091    1.25181  -0.521118 -0.0903503   0.114488  0.0106797 2.62616
   2.83407    1.45174 -0.0487899  -0.103386   0.114432   0.010228 2.70981
  3.14437    2.0925 -0.392271 -0.104536  0.123885 0.0130813 2.79266
   3.11055    2.36704  -0.580498  -0.119232   0.133975 0.00471121 2.88999
   3.10996    2.91715  -0.395569  -0.125647   0.126483 0.00763427 2.97356
  3.16518   2.91535 -0.140443 -0.141494  0.122173 0.0082843 3.05905
   3.20844    3.73719   0.108482  -0.141259   0.134798 0.00962377 3.14131
   2.97787    4.82476 -0.0265471  -0.128698   0.132579  0.0116728 3.22496
   2.64817    4.72509  -0.298689  -0.150018   0.145156 0.00928184 3.30886
   2.87211     5.0649 -0.0700434  -0.162773   0.140007  0.0185459 3.39333
  2.55494     5.742  0.243826 -0.175846  0.135861 0.0100352 3.47567
   2.51397    6.59731   -0.57847  -0.164364   0.126249 0.00579474 3.57373
   2.17938    6.81262 -0.0515712  -0.179872   0.128923  0.0136011 3.65744
   1.84394    7.13386  -0.507053  -0.185115   0.119597 0.00791707 3.74164
  1.54313   7.31138 -0.153224 -0.197421  0.115619 0.0194273 3.82529
   1.8497    8.1589 -0.480879 -0.188157  0.102267 0.0137444 3.90794
   1.32942    8.68137  -0.463046  -0.189185   0.104847 0.00589048 4.00558
 0.954295   8.57923 -0.421217  -0.20207 0.0916274 0.0136989 4.09095
 0.785329   8.48447 -0.342876 -0.214408 0.0860791 0.0079375 4.17433
 0.562197   9.23948  -0.37193  -0.20549 0.0698245 0.0138504 4.25675
 0.308772   9.76527 -0.611671 -0.201679  0.060303 0.0155432 4.35418
0.0882702   9.93228 -0.535661 -0.201789 0.0473609 0.0119102 4.43852
 -0.22882   9.07638 0.0222521 -0.224815 0.0329443 0.0147378 4.52332
-0.415343    9.7302 -0.434062 -0.209102 0.0172511 0.0163791 4.60435
  -0.118916     9.30877    -0.57857   -0.215756   0.0234543 0.000887683 4.64158
-0.660749   9.51845 -0.215953 -0.213282  0.031675 0.0166864 4.57121
-0.384466   9.38914 0.0102671 -0.219106 0.0148289  0.009331 4.63155
  -0.71392    9.13452   0.182144  -0.220796  0.0268472 0.00960607 4.5675
 -0.45755   9.18004 -0.266544 -0.223341 0.0327855 0.0135216 4.56698
-0.628365   9.15484 -0.105575 -0.219997 0.0290139 0.0126365 4.56694
-0.0180374    9.92806  -0.462897   -0.20452  0.0358379 0.00908405 4.48168
 0.450368   9.77845   0.21861 -0.202925 0.0535532 0.0183816 4.39504
  0.747162    9.58671  0.0773452  -0.196897  0.0576712 0.00812234 4.31169
  0.584417    9.26951    0.62992   -0.21078  0.0715243 0.00874929 4.22719
  1.01516     8.286  0.391294 -0.197927 0.0868572 0.0084226 4.14666
   1.39384    8.60066 -0.0990227   -0.19795  0.0879453 0.00885517 4.06085
   2.02822    8.27878   0.715871  -0.191444  0.0883936 0.00787038 3.96298
   1.95393    7.70469   0.676766  -0.194816   0.109744 0.00906647 3.87934
  1.94596   6.82541  0.702514 -0.204417  0.115866 0.0136467 3.79543
  2.27392   6.99332  0.064823 -0.165532  0.122893 0.0123019 3.71291
  2.61962   6.69994  0.679486 -0.177994  0.116512 0.0128096 3.62859
   2.73356    5.83587   0.489066  -0.178656   0.126475 0.00979696 3.54401
  2.73191     5.048  0.383336 -0.177288  0.129463 0.0135384 3.46063
   3.0814   5.03542  0.784973 -0.150643  0.134098   0.01076 3.37792
    3.0845    4.85645 -0.0112863  -0.143675   0.138324  0.0134027 3.27917
   3.59186    4.32895   0.156674  -0.134486   0.128637 0.00659316 3.19646
  3.21174   3.21277 -0.159604 -0.141476  0.131313 0.0136925 3.11227
  3.44659   3.02114  0.237797 -0.122895  0.129582  0.014124 3.02969
   3.47489    2.50564   0.470149  -0.122422   0.133928 0.00982132 2.94437
   3.72216    2.37462   0.690608  -0.106881   0.121163 0.00527634 2.86024
   3.14963    1.92411    0.21619  -0.104328   0.116837 0.00733324 2.76426
   3.30069    1.44013  -0.016502 -0.0932947   0.113385  0.0106009 2.68126
   2.96298    1.23757   0.170389 -0.0801327   0.107223 0.00586518 2.5963
   3.03212    1.06441  -0.387987 -0.0710469   0.100681 0.00698816 2.51192
   3.07211   0.500552  -0.254587 -0.0660231  0.0885896 0.00703768 2.42872
   3.05475   0.408161 -0.0255146 -0.0562965  0.0762829 0.00509912 2.34487
   2.52893 -0.0350191   0.379272 -0.0481503  0.0782342 0.00864203 2.2485
   2.13464  -0.169293  -0.134339 -0.0392469  0.0651509  0.0157197 2.16344
    2.10152    0.326717   0.0544047  -0.0213585   0.0505083 -0.00192485 2.08017
   2.10441 -0.0731809  -0.413933 -0.0288848  0.0383427  0.0117737 1.99692
    1.9412  -0.155988  -0.388556  -0.021833  0.0301491 0.00779466 1.91314
   1.01507  -0.506862  -0.355779 -0.0177492   0.029224 0.00876804 1.82922
  0.877552  0.0854461  0.0207568 0.00438662  0.0237908 0.00511905 1.74608
    0.456796   -0.0690068     0.293135  -0.00195689 -0.000387211   0.00715854 1.64828
  0.436463   0.606496   0.176987  0.0104051 -0.0101753 0.00846502 1.56448
   -0.28257   -0.404752   -0.306656 -0.00751408  -0.0116251  0.00477896 1.47999
 -0.920464   0.120868   0.127597 -0.0104116 -0.0205179 0.00697214 1.39693
   -1.14485    0.097356    0.283474 -0.00568213  -0.0260945   0.0022115 1.31265
   -2.0393   0.914089   0.180911  0.0100522 -0.0310247 0.00472342 1.21581
   -2.0941   0.477772 -0.0784095 -0.0101943 -0.0391244 0.00687404 1.13321
  -2.61259   0.746071   0.841646 -0.0225343  -0.052554 0.00154941 1.04905
   -2.89391     1.08081   0.0136387 -0.00906806    -0.05613  0.00552386 0.963705
  -2.89181    1.62082   0.196303 -0.0197023 -0.0659723 0.00579233 0.881541
  -3.58834    1.63575   0.447602 -0.0124638   -0.06341 0.00348544 0.798342
  -3.84307    1.13713     0.1447 -0.0399411 -0.0779665 0.00675192 0.700408
  -4.22403    1.40216    0.32672  -0.045551 -0.0735668  0.0026792 0.615627
  -4.63039    2.86388   0.416369 -0.0447029 -0.0837907 0.00845707 0.532175
  -4.88784    2.49158   0.116155 -0.0562285 -0.0840418 0.00447442 0.449593
  -4.61938    2.17847 -0.0190399 -0.0881058  -0.101491  0.0050166 0.364906
  -5.07185    2.29461   0.507099  -0.101571 -0.0909992 0.00787447 0.28067
  -5.1842    3.1286  0.116451 -0.101813 -0.101224 0.0151319 0.183385
  -5.53723    3.40841    0.42376  -0.106667 -0.0935408  0.0077137 0.100918
 -4.98004   3.70982  0.140024 -0.130853 -0.112384  0.013497 0.0172473
  -5.10335    3.71484   0.358819  -0.141147  -0.104542 0.00935682 -0.06745
 -4.89852   5.04862 0.0222227 -0.130436 -0.110121 0.0151338 -0.150995
  -5.31319    4.96414   0.244219  -0.150249 -0.0992973 0.00675381 -0.24761
 -4.52636   5.22984 -0.126246 -0.158968 -0.108201 0.0110928 -0.331333
  -4.2415   5.15546 -0.326081 -0.176849 -0.103976 0.0101292 -0.416963
 -4.24827   6.05192  0.246154 -0.173946 -0.104439 0.0116569 -0.500309
   -4.2685    6.62146   0.124586  -0.183082 -0.0834676  0.0134925 -0.582137
  -3.94164    6.39344  -0.222734  -0.188304 -0.0859409 0.00769905 -0.679966
  -2.72004    7.20104  0.0822401  -0.196104 -0.0994578  0.0081452 -0.764978
 -2.97923   6.88836  0.193931 -0.217485 -0.078633 0.0170257 -0.849424
  -3.19448    7.77458 -0.0541445  -0.210566 -0.0603878  0.0160196 -0.930822
  -2.88097    7.90575 -0.0441418  -0.216009 -0.0522556  0.0122788 -1.03004
  -1.94032    8.89036    0.21029  -0.201861 -0.0638931 0.00487377 -1.11306
  -1.40646    8.43836 -0.0303958  -0.219688    -0.0509  0.0133903 -1.19729
   -1.5016    9.08336   0.618133  -0.214487 -0.0398574 0.00487464 -1.28042
  -1.47606    8.79457   0.158976  -0.216612 -0.0276295 0.00162162 -1.36392
   -0.81322     9.75801   -0.226957   -0.203968  -0.0150981 -0.00178686 -1.44742
   -0.18882     9.40971   0.0239851   -0.211422 -0.00721467  0.00499155 -1.54594
-0.272013   9.32952  0.300046 -0.215414 0.0170564 0.0102349 -1.62857
   0.173802     9.41998    0.203034   -0.208155   0.0175929 -0.00305837 -1.7119
    0.251923      9.74319    -0.150413    -0.203202    0.0310516 -0.000957826 -1.79806
   0.764605     9.72292   -0.104514   -0.194617   0.0456976 -0.00153527 -1.87956
    1.1553    8.95941  -0.153902  -0.196646  0.0591372 0.00834367 -1.96459
    1.33538     9.08485    0.213622   -0.195893   0.0580491 -0.00366552 -2.06105
   1.57855    8.54822   0.797379  -0.206567  0.0663418 0.00485985 -2.14547
   1.48276    9.18488   0.324021   -0.17737  0.0908902 0.00276814 -2.22874
   2.19076     8.2813   0.196067  -0.181261  0.0845835 -0.0041929 -2.31281
   2.37584    7.65633  0.0740505   -0.18844  0.0989306 0.00703077 -2.40935
   2.27947    7.31651   0.280182  -0.183911   0.110226 0.00854827 -2.49386
   2.04246    7.41119   0.657909  -0.168042   0.121315 0.00427791 -2.57686
   2.39286     6.8219   0.138179  -0.166142   0.124845 0.00542522 -2.66031
   2.59064    5.88665   0.195575  -0.163127   0.131775 0.00919591 -2.74559
   2.97934     5.8585   0.754232  -0.151737   0.120533 0.00252232 -2.84216
   2.60255    5.15226   0.357602  -0.134581   0.132789 0.00152661 -2.92698
   2.91297    4.94066   0.234295   -0.13207   0.144459 0.00383072 -3.00919
     3.09479       4.1764     0.200674    -0.133397     0.140947 -0.000762203 -3.09361
   3.31205    3.54631   0.161823  -0.128236   0.128143 -0.0024998 -3.17716
   3.15651    3.18986  0.0787446  -0.119609   0.136801 0.00840784 -3.26033
   3.13092    2.66259   0.138578  -0.110247    0.13988 0.00456661 -3.35912
    3.0318    2.34744   0.228379 -0.0903353   0.124949 0.00388081 -3.44198
    2.82853     1.63042     0.12971   -0.107738    0.126736 0.000247026 -3.52496
     2.95935      1.72668     0.355182   -0.0801929     0.113834 -0.000287398 -3.60865
   2.55015    1.25679  -0.192682 -0.0722916   0.118294  0.0101022 -3.69232
     3.0431     1.15309   -0.194883  -0.0580887   0.0980307 -0.00409781 -3.77691
   2.81634   0.205803  -0.353197 -0.0576829   0.087908 0.00534414 -3.87459
    2.4593   0.409834   0.243302 -0.0540191  0.0928233 0.00690786 -3.95746
     2.01102     0.102798     0.174192   -0.0436456    0.0840702 -0.000485744 -4.04138
   1.82515   0.108646 -0.0525898 -0.0372814  0.0645556 0.00128837 -4.12589
   1.86268  -0.284984  -0.365548 -0.0324176  0.0532954 0.00823559 -4.20921
    1.6428   0.151603  -0.204279  -0.014116  0.0446231 0.00317545 -4.29183
  0.540822  0.0247584   0.459065 -0.0118156  0.0412328 0.00119345 -4.39073
   0.311474    -0.61677   0.0672796  -0.0183543   0.0439387 -0.00104845 -4.47401
   0.297574    0.178272   -0.425713 -0.00162318   0.0215697    0.010297 -4.55879
   0.195054   -0.287585   -0.289525 -0.00280483   0.0104662  0.00309855 -4.63826
    0.421766    -0.119792   -0.0326984   0.00101755    0.0181511 -0.000127326 -4.58677
  0.0767606   -0.428138   -0.413308 -0.00719436    0.012313  0.00481172 -4.61015
   0.193248   -0.237955   -0.325761 -0.00803028   0.0166086   -0.002783 -4.61437
  0.404695  -0.341372 -0.0992406 -0.0108255  0.0288316  0.0102653 -4.53452
   0.65001   -0.46464   0.244871 -0.0137997  0.0386022  0.0176803 -4.44683
   1.14687   0.231141  0.0116138 -0.0154368   0.045976 0.00289837 -4.36327
   1.62935  -0.594039    0.53821 -0.0371853  0.0459632  0.0080427 -4.26447
   1.96918    0.11122  -0.591199 -0.0310994  0.0664645 0.00860764 -4.1828
   1.59553     -0.294   0.217489 -0.0468892  0.0861269  0.0110986 -4.09757
   2.61843   0.284378  -0.152365 -0.0446436  0.0841697 0.00412768 -4.01364
   2.37927   0.371516  -0.262558 -0.0494855  0.0925989 0.00435349 -3.93066
   2.87026   0.585016   0.119137 -0.0633077  0.0888498 0.00156755 -3.84636
   2.28967    1.01116   0.502829 -0.0711076   0.112144 0.00998952 -3.74954
   2.78178     1.0732 0.00911366 -0.0791873   0.118047 0.00696694 -3.66513
   3.10008    1.75664  -0.215186 -0.0917269    0.11459 0.00732228 -3.58217
    3.4045     1.6014  0.0884805  -0.107402    0.12534 0.00822824 -3.49822
   3.19812    2.76651  -0.199791  -0.110215   0.130015 0.00562762 -3.40155
   3.10452    3.14679 -0.0148038  -0.108895   0.135984 0.00545958 -3.31706
   3.50941     3.5838   0.290255  -0.121064   0.126686 0.00819603 -3.2338
    2.80841     4.11397     0.15489   -0.133027    0.136412 3.73729e-05 -3.14986
  3.32179   4.37648  0.294669 -0.136088  0.133698 0.0119098 -3.06695
   3.00354    4.80477   0.352275  -0.142654    0.13433 0.00562508 -2.9824
   3.3197   5.66866  0.506312 -0.149038  0.127361 0.0102813 -2.88576
   2.85678    6.01837   0.396437  -0.154723   0.128261 0.00572788 -2.80181
   2.71282    6.64846  0.0460686  -0.162647   0.124649 0.00704653 -2.71771
   2.27447    7.19002   0.400178  -0.162828   0.126838 0.00347165 -2.63309
   2.45599    7.23045 -0.0174658  -0.177726   0.113136 0.00730322 -2.53565
  2.06631   7.62342  0.923342 -0.186444  0.112444 0.0117191 -2.45254
   2.20968    7.80924  -0.175524   -0.19423  0.0932793 0.00221475 -2.36873
   1.76606    8.90663   0.323007  -0.183551  0.0955872 0.00613518 -2.28573
   1.68944    9.26916   0.445703  -0.179513  0.0777895 0.00971995 -2.20195
    1.3725    9.12137  0.0730092  -0.194937  0.0763277 0.00788909 -2.11802
   1.15224    9.01598 -0.0237744   -0.19971  0.0625143  0.0062765 -2.03343
  0.638824    9.53975  0.0283803  -0.204072  0.0483841 0.00573189 -1.93747
   0.273222     9.93778  -0.0137083   -0.195663   0.0413511 -0.00105598 -1.85341
  0.566131    9.61152   0.430307   -0.21305  0.0194093 0.00977251 -1.76935
-0.182875   9.87103 -0.350738 -0.202734 0.0220246 0.0109489 -1.68498
  -0.421507     9.50879   -0.177334   -0.211361 -0.00360371   0.0038541 -1.60308
 -0.445751    10.0142   0.325729  -0.199481 -0.0124739  0.0034457 -1.51772
   -1.0158    8.92113  -0.495651  -0.220721  -0.023446 0.00759868 -1.42126
 -0.972627    9.18255  -0.381748  -0.214759 -0.0372423 0.00224213 -1.33667
  -1.52532    8.77057  -0.471191  -0.217398 -0.0398115 0.00946251 -1.25325
   -1.9122    9.10447  -0.526018  -0.201831 -0.0545497 0.00296465 -1.17023
  -2.49628    8.39799   0.123246  -0.208571 -0.0584128 0.00666256 -1.07235
  -2.84265    8.11327  0.0313179  -0.206244 -0.0645512  0.0142506 -0.988041
 -2.65426   7.57333 -0.703571 -0.214251 -0.076441 0.0141638 -0.90481
  -3.16847    7.20475    -0.4304  -0.218662 -0.0896218  0.0147207 -0.822312
  -3.21214    7.30667  -0.658262  -0.188989 -0.0968986  0.0143506 -0.737112
  -3.85722    6.44321   -0.17695  -0.189993 -0.0893801   0.014031 -0.639052
   -4.29533     6.70795 -0.00337284   -0.167296  -0.0829061   0.0162024 -0.555685
  -4.62438    5.73519 -0.0516755  -0.174048 -0.0967072 0.00625593 -0.473323
 -4.62049   5.39433 -0.233593 -0.168755 -0.107893  0.018372 -0.388447
  -5.14246    4.73715  -0.375757  -0.165679 -0.0984287   0.012986 -0.304609
 -4.92612    4.9639 -0.515257 -0.144231 -0.102593 0.0061848 -0.206246
  -5.2205   4.24829 -0.531134  -0.14286 -0.104312 0.0180395 -0.124952
  -5.00664    4.09627   0.148373  -0.126782  -0.111983 0.00934731 -0.0401496
  -6.16097    3.42727 -0.0877811  -0.122174 -0.0800585   0.014459 0.0451133
  -5.57114    3.78461   0.231351 -0.0943541 -0.0876777  0.0131591 0.142241
  -5.42068    2.96915  -0.502425 -0.0994666 -0.0890333  0.0162714 0.225053
  -4.77013        2.7  -0.450233 -0.0864275 -0.0984704  0.0133763 0.3084
   -4.9828    2.61785   0.257522 -0.0696665 -0.0897393   0.015876 0.392479
   -5.1519    2.29026  -0.629972   -0.05207 -0.0750871 0.00939941 0.476255
  -4.63121    1.99433  -0.393471 -0.0501935 -0.0741273 0.00926271 0.573644
  -4.36201     1.3911  -0.631469 -0.0449539 -0.0725796  0.0022714 0.656666
  -3.56433    1.23767  -0.419612 -0.0393733 -0.0629267  0.0121842 0.740693
  -3.85438    1.74221  -0.407753 -0.0185532  -0.054602 0.00798053 0.825506
  -3.24434    1.14004   -0.76333 -0.0140787 -0.0497841 0.00869415 0.907711
   -3.31409      1.1568   -0.504159 -0.00229862  -0.0295764  0.00411771 1.00537
   -2.41021    0.695775   -0.610452 -0.00929202  -0.0362826  0.00490268 1.08965
    -2.39553     0.957134    0.0728798 -0.000551591   -0.0242679   0.00660034 1.17473
  -1.30687   0.783275  -0.742932 0.00125798 -0.0354879 0.00649103 1.25805
   -1.56245    0.247158   -0.317819  0.00167327 -0.00804387  0.00748442 1.34014
  -0.627935   -0.132034   -0.422858 -0.00813449  -0.0231592   0.0140701 1.42448
 -0.497626   0.359551  -0.518721 0.00406272 0.00745673 0.00422332 1.52234
  0.170435   0.279148  -0.650699 0.00465214 0.00520705  0.0070121 1.60592
  0.0349467    0.226816   0.0339162 -0.00184012     0.01896   0.0103179 1.68852
  0.813556  -0.733275  -0.609879 -0.0227563  0.0317728 0.00577362 1.77319
   1.29688  -0.392055  -0.631855 -0.0246613  0.0390797 0.00976172 1.87108
    1.8456   0.128539 0.00179352 -0.0184199  0.0376114 0.00765888 1.95473
   1.51393   0.199164  -0.639372 -0.0227249  0.0587396 0.00774558 2.03752
   1.73774 -0.0323053  -0.552368 -0.0354945  0.0675967  0.0051925 2.12216
   2.21634  -0.286474  -0.707229  -0.052619  0.0791394 0.00988697 2.20508
   3.00189   0.451662  -0.774416 -0.0532571  0.0770185 0.00598918 2.3043
   2.83723   0.282172  -0.501351 -0.0777691  0.0864194  0.0133244 2.38542
   2.86319    1.20589  -0.761141 -0.0679446  0.0986491 0.00659079 2.47006
    2.6686   0.720761  -0.620232 -0.0939706   0.109344  0.0160138 2.55393
   3.07514    1.57933  -0.849131 -0.0771258   0.116402  0.0121144 2.63828
  3.00628   1.72051 -0.742023 -0.102961  0.118838 0.0146193 2.72142
   2.93936    2.15064  -0.388509 -0.0986009   0.132399 0.00823025 2.8189
  3.08183    2.0959 -0.548605 -0.116264   0.13144 0.0088996 2.90244
   3.02079    2.93861  -0.599079   -0.12342   0.131416 0.00820625 2.98586
  3.27902   2.89481  -1.00837 -0.136914   0.13211 0.0114812 3.07031
  3.15502   4.15248 -0.670776 -0.133565  0.138409 0.0085558 3.15343
  3.00301   4.56363 -0.107956 -0.147153  0.139762  0.004789 3.2371
   2.8206   5.08728 -0.492984 -0.150982  0.145946 0.0110506 3.32006
  2.64255   5.15963 0.0975523 -0.165442  0.134192 0.0184722 3.41834
   2.7949    5.7182 -0.263945 -0.174023  0.128702  0.012811 3.50198
  2.56459   6.34813 -0.286235 -0.173641  0.125008 0.0124985 3.5863
   2.00623    6.92361  -0.380345  -0.173584   0.135821 0.00999567 3.66866
   1.69687    7.45747  -0.577517   -0.18073   0.122654 0.00854926 3.75452
  1.57817   7.57907 -0.320489 -0.185994  0.119757 0.0106525 3.83615
  1.64893   8.27009 -0.684638 -0.190763  0.101014 0.0129034 3.93466
  1.06051    8.3861 -0.624377 -0.198009  0.107854 0.0140192 4.01822
  1.13488   8.95459  -0.99744 -0.199482 0.0845443 0.0178716 4.10243
 0.496596   8.59084 -0.670257 -0.212866 0.0854987 0.0105793 4.18652
 0.510925   9.32052 -0.626269 -0.200078 0.0646858 0.0142197 4.26849
 0.270536   9.63018 -0.272457 -0.208818 0.0674934 0.0152175 4.3524
 0.234893   9.67537 -0.751982  -0.20574 0.0482775 0.0105207 4.43662
-0.609698   9.26342 -0.709133 -0.224094 0.0415217 0.0184635 4.52172
-0.438423   9.36913 -0.946227 -0.215149 0.0187094 0.0111334 4.6169
-0.612167    9.3931 -0.282459 -0.218993  0.011135 0.0105717 4.62486
 -0.356513    9.66251  -0.682025   -0.22143  0.0249138 0.00529682 4.57913
 -0.312154    9.04891   -1.13138  -0.225063  0.0113259 0.00436588 4.65721
-0.0472929   9.73684 -0.214775 -0.225085 0.0262172  0.011268 4.56817
  0.217508    9.78776  -0.430983  -0.206324  0.0362088 0.00300204 4.46297
 0.0847251    9.93929  -0.202272  -0.196251  0.0535613 0.00824595 4.37657
 0.768744   9.30637    0.2874 -0.210587 0.0620452 0.0080662 4.29458
  0.669613    8.79131   0.533691  -0.210053  0.0762935 0.00915593 4.20964
  1.24597   8.75147  0.818872 -0.197417  0.078963 0.0126075 4.12839
   1.24051    8.56355   0.449343  -0.204374  0.0951748 0.00473413 4.04266
  1.70391   8.02703 -0.233105 -0.195889 0.0983614 0.0144683 3.94571
  1.98445   7.64962  0.463728 -0.184834   0.10704 0.0158988 3.86147
   2.3045   7.06656  -0.13577 -0.186366     0.115  0.013702 3.77905
  2.44526    6.9732  0.399127 -0.173977  0.120623 0.0121648 3.69552
   2.57395    6.61692  -0.165592  -0.170406   0.118287 0.00515149 3.61078
  2.78225   5.74591  0.702126  -0.17445  0.133279 0.0150952 3.5123
  3.06174   5.32388 0.0020047 -0.164487  0.125509  0.009663 3.43066
  3.05861   4.88523 -0.176495  -0.15313  0.135354  0.010709 3.3464
   3.03118    4.51253   0.222286  -0.148837   0.133961 0.00849445 3.26213
   3.71022    4.29811  -0.137124  -0.134071   0.128338 0.00697573 3.17913
   3.65658    2.50521  0.0551465  -0.152176   0.125843 0.00210597 3.09464
   3.51307    2.97947  -0.103574  -0.125361   0.129021 0.00549253 2.99851
   3.19904    2.40892   0.204571  -0.122338   0.123434 0.00446913 2.91332
   3.29688    2.17657  -0.482567  -0.101996   0.122753 0.00491892 2.83055
  3.17318    1.6058  0.419983 -0.107882  0.115556 0.0144888 2.74633
   3.48055    1.05528  -0.285457 -0.0891727   0.110027  0.0116993 2.66334
   3.02921   0.734273  -0.473883 -0.0844373   0.105816 0.00307943 2.56473
   3.20762   0.988537  -0.230393 -0.0619372   0.095704  0.0120269 2.48106
   2.98286   0.359327  0.0743931 -0.0648225  0.0824183  0.0146121 2.39846
   2.74043   0.318825  -0.282235 -0.0471326  0.0717672 0.00980533 2.31541
   2.38936  -0.185576  -0.125687 -0.0519002  0.0723458  0.0123152 2.23026
    2.1074 0.00483422  -0.378256 -0.0408481  0.0701442 0.00900755 2.1469
   2.06429   0.247484   0.144405 -0.0218309  0.0520237  0.0075222 2.04845
    2.38154  -0.0746735   -0.602152  -0.0194479   0.0340045 -0.00160542 1.96583
    1.42396   -0.726888   -0.449125  -0.0250259   0.0318054 0.000927042 1.88207
  0.956158  -0.562842  -0.229192 -0.0284363  0.0258702 0.00905235 1.79831
    0.535687     0.212249    -0.433382 -0.000791469    0.0166119   0.00714979 1.71415
  0.550668   0.128677  -0.495844 0.00349256 -0.0013233 0.00803153 1.63019
  -0.204631  -0.0744989   -0.412697 0.000952453 0.000668681  0.00688642 1.53323
 -0.365515  -0.330613  -0.100524 -0.0124302 -0.0211954 0.00542767 1.44963
  -1.17515   0.267382  -0.332183 0.00440395 -0.0150464 0.00127041 1.36611
    -1.31465     0.610979    -0.201582 -0.000610064   -0.0315486   0.00740331 1.28223
  -1.92363   0.772301    0.17776 0.00423393 -0.0354851 0.00880919 1.19918
   -2.05359    0.206041   -0.304555  -0.0190969  -0.0430974 -0.00492171 1.11436
   -2.70007    0.941093   0.0998562 -0.00392362  -0.0456058  0.00829623 1.03061
  -2.90065    1.56959   0.285587 -0.0124753 -0.0563236  0.0094788 0.932687
  -3.55265    1.45537  -0.268275 -0.0131047 -0.0637399 0.00254278 0.850251
  -3.40666   0.888288  0.0497508 -0.0391243 -0.0754949    0.00409 0.766748
  -4.04936    1.30666   0.280198   -0.04421 -0.0743561 0.00389466 0.681966
  -4.71841    1.97634  -0.351917 -0.0503019 -0.0727568 0.00759489 0.597876
  -4.92593    2.72804  -0.198913 -0.0469832 -0.0724708  0.0104208 0.516583
   -5.00193     2.19363    0.191996  -0.0707027   -0.086625 -8.7525e-06 0.418753
   -4.64178     2.06053   -0.360536  -0.0889758   -0.102656 0.000666019 0.333239
  -5.06045    2.60221  -0.364892 -0.0994493 -0.0974931 0.00778309 0.248542
   -5.67499     3.44591   -0.246645  -0.0961301  -0.0869487 0.000666509 0.166714
  -5.71105    3.09706  -0.116381  -0.128145 -0.0910737 0.00457226 0.0704031
  -4.68686    3.37782  -0.123826  -0.130586  -0.109632 0.00998543 -0.0147969
  -4.98213    4.11541    0.40533  -0.139066  -0.110204 0.00674373 -0.10006
  -5.19941     4.8602 -0.0907945  -0.139287  -0.095631  0.0137041 -0.182013
   -5.0055    4.67712   -0.20648  -0.156446 -0.0940563  0.0212483 -0.265255
  -4.49561    5.49296  -0.407881  -0.164799  -0.103268 0.00307386 -0.362362
  -4.3007   5.25829 -0.197554 -0.175396 -0.104759 0.0114473 -0.447426
  -4.59991    6.27544  -0.277567  -0.174461  -0.087502 0.00272265 -0.53072
  -4.46719    6.25161   0.111727  -0.191867 -0.0833279 0.00567962 -0.612925
  -3.12052    7.02215  -0.259981  -0.188289 -0.0990646  0.0069505 -0.698784
  -2.86896    7.23944  -0.116129  -0.201982 -0.0966471  0.0107735 -0.782016
  -2.94274    7.16756  -0.301848  -0.218348 -0.0808601  0.0127281 -0.866483
  -3.13253    7.89616  -0.219822  -0.213256 -0.0579426 0.00792877 -0.949484
    -2.553     7.8837   0.108387  -0.216995 -0.0593809 0.00518837 -1.03304
  -1.85653    8.72856  -0.492043   -0.20926 -0.0579516 0.00873518 -1.13028
   -1.75194     8.99296   0.0641246   -0.202718  -0.0382628 -0.00185244 -1.21499
   -1.75827     8.98123  -0.0519033   -0.206297  -0.0279017 -0.00421677 -1.29868
  -1.40739    8.58334   0.383497  -0.230466 -0.0180648  0.0111132 -1.38137
  -0.811455     9.58402   -0.605238    -0.20799  -0.0127326 -0.00352779 -1.46396
 -0.252812    9.29326  -0.177218  -0.217788 0.00311807 0.00259227 -1.54897
 -0.324698    9.39426   0.172554   -0.21633  0.0129225 0.00801533 -1.63209
  0.187838    9.37212   0.425373  -0.208429  0.0255577 0.00739421 -1.73036
   0.24147    9.84099   -0.25886  -0.204558  0.0390139 0.00566098 -1.81356
 0.700182   9.58353 -0.058549  -0.19898 0.0477851 0.0040335 -1.89693
  0.891904    9.24679   0.069104  -0.207632  0.0587629 0.00496581 -1.98236
   1.14943    8.84964  0.0568698  -0.199508  0.0663129 0.00589933 -2.06406
   1.59999    8.75701   0.313325  -0.194802  0.0791824 0.00997047 -2.16263
    1.7398    9.29732   0.289378  -0.178063  0.0952462 0.00326277 -2.24626
    2.0874    8.34936   0.385081   -0.18895  0.0924406 0.00583043 -2.33092
  1.95997   7.32317   0.36724 -0.189909  0.105667 0.0114745 -2.41312
   2.37579    7.01806  -0.151569  -0.191616   0.106629 0.00231288 -2.49677
    2.21618     7.29566 -0.00928577   -0.162051    0.126561   0.0086345 -2.58006
   2.47744    6.81622   0.262371  -0.159355   0.131309 0.00260366 -2.67887
   2.77049    5.81149  0.0215801  -0.168528   0.123992 0.00977901 -2.76154
  3.26848   5.58573  0.126203 -0.155875  0.126708 0.0033455 -2.84492
   3.05952    5.49525   0.210538  -0.142695   0.139112 0.00202593 -2.93015
   2.91626    4.87818  -0.184585  -0.132503   0.141473 0.00715751 -3.01265
   2.94954     3.6317 -0.0624473  -0.135759   0.139514 0.00550685 -3.09816
    3.3401    3.25078  -0.257261  -0.137194   0.127009 0.00289341 -3.19378
   3.15898    3.19609   0.116443  -0.116137   0.136526 0.00585677 -3.27855
   2.87225    2.79705   0.263459    -0.1023   0.137196 0.00507703 -3.36189
   3.14486    2.07369   0.351794  -0.109508   0.122498 0.00404137 -3.44626
    3.233   1.26344  0.325423 -0.112411  0.117036 0.0109683 -3.54247
   3.04621    1.47635 -0.0240544 -0.0833454   0.113198 0.00472723 -3.62709
   2.75203    1.02579   0.339152 -0.0787702   0.113862 0.00945087 -3.70985
    2.66805     0.92333   -0.654605  -0.0651379    0.101415 -0.00705837 -3.79419
   2.78767 -0.0337382   -0.56455 -0.0683532  0.0898926 0.00226153 -3.8778
   2.68432   0.494814  -0.404395 -0.0404293  0.0770824 0.00402295 -3.96031
   1.72225 -0.0855934  -0.533894 -0.0434586  0.0823102 0.00846288 -4.04463
   1.61137   0.235887  -0.242544 -0.0335294  0.0736377 0.00972666 -4.1418
    1.7512  -0.462305  -0.663571 -0.0371307  0.0545562 0.00263522 -4.22661
    1.85251    0.121796   -0.130341  -0.0185699   0.0401587 -0.00385753 -4.31025
   1.07268  -0.106616  -0.716031 -0.0143499  0.0372238 0.00390303 -4.39409
   0.0307516    -0.581472    -0.601282   -0.0200877     0.037301 -0.000309225 -4.47705
   0.625964    -0.45325   -0.621333 -0.00967716   0.0174221  0.00307035 -4.57625
  0.339813  -0.522095  -0.625302 -0.0127774  0.0100865 0.00506822 -4.64452
  0.565261  -0.356776  -0.614459 -0.0110382  0.0189234 0.00441625 -4.57149
  0.371423  -0.526098  -0.134266 -0.0072494 0.00290854 0.00580776 -4.64164
    0.3857  -0.275148  -0.106423 -0.0186226  0.0174364 0.00569085 -4.63748
    0.609039    -0.547163    -0.230463   -0.0179693    0.0367115 -0.000836761 -4.63748
   0.657446 -0.00348534   -0.576461  -0.0114273   0.0480711  0.00428417 -4.63748
    1.67265  -0.0771643   -0.335142  -0.0192278   0.0478623 -0.00113373 -4.63748
   1.84103  -0.703088  -0.510461 -0.0340143  0.0512642  0.0025104 -4.63748
   1.78134 -0.0781294   0.290213 -0.0398973  0.0728414 0.00957383 -4.63748
     1.84019 -0.000688841    -0.326396   -0.0477613    0.0818485   0.00200091 -4.63748
    2.82589    0.548132   -0.231378  -0.0511718   0.0812595 -0.00153355 -4.63748
   2.68906  -0.191254 -0.0585676 -0.0721242  0.0947076 0.00748586 -4.63748
    2.63707    0.669336   -0.741485  -0.0696309   0.0998965 -0.00203929 -4.63748
   2.61155    1.17913  -0.115454 -0.0770016    0.11474 0.00696299 -4.63748
     2.99426      1.03632     -0.49776   -0.0878639     0.114474 -9.55371e-05 -4.63748
   3.53139    1.36944  -0.472829  -0.094625   0.120786 0.00896643 -4.63748
   3.15334    1.44379  -0.255573  -0.111907   0.119938 0.00293873 -4.63748
   3.32038    2.75654  -0.582973 -0.0993599   0.131968  0.0022767 -4.63748
    3.02329     3.22594   -0.349199   -0.108409    0.139954 -0.00384646 -4.63748
   3.74681    3.22948   0.146359  -0.116768   0.125244 0.00633995 -4.63748
   3.03766    3.22206  -0.279651  -0.150374    0.13592 0.00691843 -4.63748
   3.35797    4.14633   0.114943  -0.140568   0.135163 0.00113587 -4.63748
   2.79969    5.07306 -0.0942893  -0.133174   0.142665 0.00468355 -4.63748
   3.44098    5.05471   0.234541  -0.156897   0.127672 0.00491533 -4.63748
   3.15465    5.27266  -0.296112  -0.164924   0.124313 0.00573624 -4.63748
   2.58878     5.6604     0.2351  -0.174396   0.134621 0.00527805 -4.63748
