     0.176996     0.184899     0.411843   0.00953501   -0.0049314 -0.000884236 -2.53658
    0.122796  -0.0858621   -0.343747  0.00686798  0.00148799 -0.00511831 -2.53658
    0.324848   -0.170496   0.0257323  0.00556886 -0.00357806 -0.00229324 -2.53658
      0.2082     0.44481    0.126701   0.0141001 -0.00568215 0.000460061 -2.53658
  0.0553453   0.181056 0.00649637 0.00678123 0.00202019 0.00312126 -2.53658
    0.263501    0.238329   -0.164893  0.00918854 -0.00348168  0.00426216 -2.53658
     0.17668    -0.11678    0.361866  0.00808446 -0.00227006   -0.002192 -2.53656
    0.056241    0.117414    0.250783  0.00908257  0.00202453 0.000130964 -2.53634
    0.267833   -0.257278  -0.0992776 -0.00331873 -0.00328961 -0.00535733 -2.44944
     0.33104    0.874641    0.214079   0.0143257  -0.0140738 -0.00264768 -2.36326
    0.0694964      1.50107    0.0276323     0.020201   -0.0135888 -0.000686818 -2.26322
 -0.0200621    1.41849  -0.218873  0.0182998 -0.0130496 0.00487224 -2.18036
    -0.36034    0.687252   -0.450857  0.00286157  -0.0135128 -0.00563257 -2.08203
   -0.12676    1.36882   0.226253  0.0104536 -0.0282679 0.00107317 -1.99967
  -0.177517    2.13916   0.195469  0.0303392 -0.0315032 -0.0016735 -1.90023
  -0.261603    2.14965  -0.425781  0.0262728 -0.0307718 -0.0012563 -1.81734
     -0.65036      1.36348    0.0252566   0.00781744   -0.0238989 -2.92973e-05 -1.7183
  -0.638699   0.924276  -0.372254 0.00195527 -0.0330916 -0.0025388 -1.63719
    -0.66082     1.86431   -0.147987   0.0161685  -0.0413457 -0.00453744 -1.5386
   -0.806074     1.54295   -0.403784   0.0125575  -0.0380654 -0.00497018 -1.45461
   -0.807983    0.775731 -0.00701933 -0.00654866  -0.0449081 -0.00242299 -1.35741
    -1.13038    0.626121   -0.170461 -0.00883618  -0.0435919  0.00275806 -1.2736
   -1.02879    1.21662  -0.711972  0.0104026 -0.0511163 0.00024663 -1.17625
    -1.40598    0.788407   -0.555399  0.00273102  -0.0538176 0.000972878 -1.09188
     -1.81731     0.373244    -0.268329  -0.00486316   -0.0494276 -0.000266763 -0.993853
     -1.9329   -0.209682   -0.283831  -0.0137681  -0.0476869 -0.00340024 -0.911983
    -1.83382    -0.13862   -0.381001 -0.00569892  -0.0599447  -0.0036315 -0.827789
     -1.717 -0.0849223  -0.341867 0.00226105 -0.0633347 0.00104633 -0.730357
   -2.66067  -0.512843 -0.0385216 -0.0107579 -0.0486296 0.00139797 -0.645702
     -2.9194    -1.06591   -0.427855  -0.0139277  -0.0433119 -0.00244846 -0.548962
   -2.53743   -1.20411   -0.52337 -0.0122014 -0.0543956 0.00490654 -0.465029
     -2.49774     -1.58693    -0.671473   -0.0135531   -0.0614287 -7.82377e-05 -0.366666
    -3.11422    -1.48139   -0.534547 -0.00361665  -0.0536998  0.00374815 -0.268648
    -3.47606    -1.34323   -0.182729 0.000920855  -0.0394691  0.00507778 -0.186925
    -3.31841    -1.80032    -0.49996 -0.00579003  -0.0516348  0.00331994 -0.0883311
   -2.96384   -1.77876  -0.470194  0.0032198 -0.0588262 0.00443418 -0.00534071
    -3.49188    -2.11694   0.0667041  0.00305544  -0.0488597 -0.00257563 0.0918916
   -3.75677   -1.94016  -0.296804  0.0147143 -0.0409783 0.00162111 0.176233
    -3.4927   -2.46385  -0.440679 0.00887661 -0.0440558 0.00218478 0.25959
    -3.22282    -2.77908   -0.296855  0.00796481  -0.0543516 0.000105331 0.358801
     -3.5408    -2.13689   -0.404477   0.0242236  -0.0458261 -0.00665976 0.440388
     -3.46644      -2.4818    -0.236136    0.0252476   -0.0354881 -8.50002e-05 0.538877
   -3.17322   -2.72668  -0.205774  0.0172778 -0.0450422 0.00381054 0.621857
    -2.78636    -3.07037   -0.396144   0.0195066  -0.0493586 -0.00158153 0.7069
     -2.70224     -2.80219      -0.5942    0.0289202   -0.0431436 -5.31222e-05 0.804122
    -2.58497    -2.82665   -0.432937   0.0328589  -0.0454526 0.000324224 0.887908
    -2.56084    -2.56963   -0.338615   0.0394309  -0.0358594 -0.00321042 0.970155
   -1.82442   -3.02423  -0.575221  0.0325917 -0.0528955 0.00122859 1.0694
   -1.94636   -3.07692  -0.612597  0.0398112 -0.0423407 0.00109929 1.1523
   -1.42137   -3.15658  -0.372094  0.0335916 -0.0507575 0.00160344 1.23665
   -1.65803   -3.08566   -0.73624  0.0382016 -0.0350178 -0.0039519 1.33397
   -0.928555    -3.85575   -0.724777   0.0243255  -0.0465852 0.000498926 1.41832
  -0.580184   -3.53554  -0.513423  0.0340803 -0.0507739  0.0043348 1.5013
    -0.550853     -3.63684    -0.473899    0.0271201    -0.049153 -0.000415641 1.59874
  -0.498786   -2.94007  -0.739288  0.0430141 -0.0406602 0.00431252 1.68246
  -0.182998   -4.52067  -0.901291 0.00834816 -0.0391047  0.0032414 1.78011
 -0.0728087   -3.99158  -0.259535   0.010671 -0.0377006 0.00169959 1.8643
   0.281301   -4.02349  -0.806667 0.00961888 -0.0418434 0.00321251 1.94833
    0.252434    -3.20398   -0.869462   0.0305039  -0.0356506 0.000692404 2.04462
   0.121306     -3.982  -0.497376 0.00789198 -0.0276053 0.00486252 2.12849
   0.210789   -4.14144  -0.793383 0.00191412 -0.0301768 0.00598305 2.21296
   0.818532   -4.51886  -0.844769 -0.0126363  -0.034361 0.00942845 2.31143
     1.02269     -3.6126   -0.452094  0.00531245  -0.0294846 0.000420811 2.39375
    0.551827    -3.79167   -0.857922 -0.00267293  -0.0226079  0.00527752 2.49162
     0.541625     -3.45737    -0.588385 -0.000296519   -0.0157786   0.00896576 2.57469
   0.633687   -3.52705  -0.759816 -0.0091167 -0.0195119 0.00492566 2.67307
   0.677569   -2.77976   -0.30986 0.00031449 -0.0122462   0.012619 2.75637
    0.329179    -2.76231   -0.800939 -0.00573015 -0.00396943  0.00725818 2.85257
    0.411958      -2.652   -0.338037  -0.0076959 -0.00556659  0.00894673 2.93859
    0.463549    -3.02491   -0.337695  -0.0255255 0.000541357   0.0067253 3.03586
    0.646282    -1.93304   -0.401804 -0.00966213 -0.00623031  0.00347005 3.11925
    0.353216    -1.10799   -0.622191  0.00315073 -0.00388512  0.00899888 3.20246
    0.202441    -1.29997   -0.619854 0.000426219  0.00628559  0.00577033 3.30024
      0.26393     -1.53715    -0.709274   -0.0177954 -0.000619677    0.0041351 3.38452
    0.351353    -1.06978   -0.450932 -0.00629281  0.00136171 0.000502978 3.48034
     0.22869   -0.398036   -0.339836 -0.00284827  0.00137314  0.00756902 3.56549
 -0.0965147  0.0612934   0.094828 0.00463509 0.00669144 0.00664588 3.66266
   -0.26901  -0.265573   -0.53186 -0.0100423 0.00775483 0.00650955 3.761
   -0.379224    0.319297   -0.522436 0.000306217  0.00311999  0.00449396 3.84362
  -0.164207   0.823993  -0.648488   0.010011 -0.0106184 0.00517481 3.94186
   -0.719397     1.38234   -0.418271     0.01755 -0.00396654  0.00177676 4.02583
   -0.714719    0.751182    -0.64536 0.000689149 -0.00811223 -0.00115841 4.12447
   -0.864091     1.28367   -0.584027   0.0100025 -0.00384447 0.000873689 4.20563
  -0.888809    1.40685  -0.337652  0.0123072 -0.0129081 0.00243957 4.30388
  -0.888435    1.67909  -0.784862  0.0148887 -0.0107658 0.00426859 4.35086
   -0.898295     1.69935   -0.151678   0.0102579 -0.00769137  0.00647726 4.35073
   -1.06465    1.57089  -0.287958  0.0121376 -0.0109438 0.00170357 4.3498
   -0.913573     1.55741    -0.42098   0.0146967  -0.0117313 -0.00390504 4.32342
   -0.490448     1.26198   0.0784879  0.00840411 -0.00827654  0.00284342 4.23329
   -0.530364    0.821744    0.452597 -0.00292213 -0.00165269  0.00497608 4.1488
   -0.426519     1.07781   -0.225654   0.0153037 -0.00682305 -0.00100019 4.05204
   0.0303848    0.937997    0.313602   0.0114896 -0.00964519  0.00565373 3.96749
    0.288515    0.436604    0.591263  0.00304459 -0.00751675  0.00334017 3.88363
   -0.32624  -0.491114  0.0381886 -0.0067441 0.00378196 0.00556192 3.78568
   -0.0579652    -0.232481    0.0344479 -0.000241821   0.00113479 -0.000874693 3.7036
  0.0546924  -0.389567  0.0320473 0.00210144 0.00142567 0.00508364 3.61889
    0.841837   -0.709407    0.178432 -0.00039904  -0.0056122  0.00552894 3.5214
    0.405625    -1.48211   0.0798441  -0.0152998 -0.00689777  0.00787444 3.43755
    0.552808     -1.2145    0.122959 -0.00388418 -0.00214178  0.00166736 3.34077
    0.522646    -1.41348    0.157321  0.00434862  0.00360342 9.91127e-05 3.25607
     1.1739    -1.6377 -0.0343407 0.00467002 -0.0141913 0.00378591 3.17236
    0.904102    -3.04244   0.0655913  -0.0244197 -0.00631754    0.002211 3.07462
    0.823257    -2.59966    0.110434  -0.0109458  -0.0103423 0.000191304 2.99229
    0.732444    -2.84057    -0.30569 -0.00983992 -0.00586926  0.00667326 2.90799
     1.0927   -2.51008  -0.274593  0.0054406 -0.0151008 0.00271502 2.80986
   0.799242   -3.63838   0.403088 -0.0112889 -0.0180859 0.00235114 2.72596
     1.18348    -3.54785    0.270531 -0.00870552  -0.0263092  0.00297567 2.64426
    0.720907    -3.73813   -0.313546 -0.00580278  -0.0197872  0.00188943 2.54471
    1.16251   -3.08752    0.31146  0.0117855  -0.032916 0.00350586 2.4614
    1.15925    -4.1662 -0.0420078 -0.0137234 -0.0304254  0.0048382 2.37786
    1.10764    -3.8982  -0.045382 0.00331841   -0.03187 0.00199478 2.28125
   0.788705   -4.25445  -0.259633 -0.0025063 -0.0325076 0.00448621 2.19626
   0.654134   -3.49369  -0.335945  0.0200991 -0.0381328 0.00128874 2.11282
   0.859369   -3.81902  -0.224559  0.0149962 -0.0420016 0.00062222 2.01556
   0.545991   -3.96903 -0.0265452  0.0127274 -0.0522583 0.00169572 1.9317
  -0.103242   -4.40641  -0.229097 0.00983671  -0.035674 0.00250536 1.83454
  -0.151646   -3.36193  -0.502903  0.0330295 -0.0410457 0.00150234 1.75068
   -0.201959    -3.18144   -0.218791   0.0411944  -0.0465878 -0.00450316 1.65184
    -0.52423    -3.26894   -0.173562   0.0379645  -0.0460944 -0.00146715 1.56878
  -0.527363   -3.73155 -0.0559148  0.0216731 -0.0500752  0.0025122 1.47094
   -0.786013    -3.08909    0.123657   0.0386178  -0.0447006 -0.00560759 1.37381
    -0.892723     -2.97202    -0.421143     0.042956   -0.0548042 -0.000635608 1.28902
    -1.83519    -3.09073   0.0127002   0.0362321  -0.0399312 -0.00273075 1.19257
    -1.79333    -3.26125    -0.38023   0.0384862  -0.0526329 -0.00135276 1.10909
    -1.85783    -2.45271   -0.225644   0.0476037    -0.04391 -0.00345341 1.01166
    -1.97139    -2.90793   -0.197301   0.0354967  -0.0484162 -0.00457666 0.927011
     -2.2591    -2.95255   -0.569514   0.0283949  -0.0510901 -0.00293425 0.830375
    -2.63609    -3.30914   -0.246715   0.0246512  -0.0517825 -0.00554064 0.745647
    -3.10893    -2.73436   -0.382526   0.0302291  -0.0422961 -0.00205911 0.647995
   -3.22149   -1.70491  -0.275667  0.0471681  -0.046428 -0.0017681 0.564293
    -3.1087   -2.58694  -0.169385  0.0223266 -0.0467398 -0.0030271 0.466945
     -3.01435     -3.05764    -0.437309   0.00868208   -0.0579837 -0.000943366 0.384102
     -3.316   -2.52776    0.37917  0.0105047 -0.0543356 0.00150941 0.28578
     -3.55258     -1.78776     0.159048    0.0177958    -0.044324 -0.000995495 0.201889
     -3.34774     -2.11642     0.106067    0.0106009   -0.0478164 -0.000388508 0.118469
     -3.17269     -2.68624    0.0499659  -0.00861285   -0.0525452 -0.000369222 0.0202633
     -3.20163     -1.95529    -0.136089 -1.97799e-05   -0.0524222   0.00157798 -0.0625177
    -3.60842    -1.29528   -0.116239   0.0150786  -0.0480731 0.000306109 -0.14688
     -3.00117     -1.30256     0.504214   0.00589607   -0.0538043 -0.000849258 -0.242824
   -2.70739   -1.60003 -0.0849816 -0.0114541 -0.0598727  0.0021729 -0.327888
     -2.67331     -1.31843   -0.0824101   -0.0108749   -0.0645785 -0.000868505 -0.411936
    -2.76842    -1.02742   -0.188884 -0.00538031   -0.053453 0.000362637 -0.5101
    -2.67993   -0.267222   -0.376058  0.00198694  -0.0541158 0.000552879 -0.592106
    -2.08986   -0.649594    -0.23561 -0.00640689  -0.0667388 -0.00299701 -0.675809
    -1.62633   -0.139872    0.107048 -0.00084815  -0.0741652  0.00204806 -0.77367
    -2.01568   -0.555131    0.403792  -0.0146785  -0.0620477 8.11686e-05 -0.859016
    -2.25255   0.0677731   -0.110779 -0.00066006  -0.0468103 -0.00186967 -0.941116
    -1.40515   0.0395549   -0.163722 -0.00731298  -0.0592601  0.00104562 -1.03891
   -1.28834   0.622289  0.0562358 0.00429139 -0.0570494 -0.0034173 -1.1218
     -1.3611    0.937316    0.415221 0.000301385  -0.0426263 -0.00472811 -1.20644
    -1.62108    0.997377    0.251305  0.00358632   -0.043816 -0.00210009 -1.30361
    -0.689304     0.921402     0.198722 -0.000713023   -0.0498655  -0.00162306 -1.38656
   -0.541907     1.53184   0.0859419   0.0145227  -0.0480791 -0.00308375 -1.47115
    -0.549346      1.36453    0.0894624    0.0140333   -0.0400934 -0.000802226 -1.56861
   -0.845611     1.17862    0.136445  0.00523949  -0.0341211 -0.00113465 -1.65304
   -0.793665     1.24623    0.309632  0.00841115  -0.0244751 -0.00431061 -1.73602
   -0.410957     2.05612    0.115369   0.0229273  -0.0292662 -0.00335936 -1.83379
   -0.064464     1.54542     0.39007   0.0164876  -0.0311976 -0.00234548 -1.9172
    -0.183761      1.09663     0.135215   0.00716234   -0.0271429 -0.000692593 -2.00248
  -0.156042    1.29236 -0.0249223  0.0153534 -0.0185671 -0.0046917 -2.09805
    0.247877     1.47706    0.102124   0.0247872  -0.0165854 -0.00290643 -2.18277
   0.0967359     1.38437    0.356103   0.0214296  -0.0111594 -0.00364456 -2.26591
   0.218759   0.154375   0.190921 0.00374273 -0.0134729 -0.0092787 -2.36544
     0.235306    0.0627192     0.286066 -0.000330162  -0.00431696  -0.00355155 -2.43759
    0.301876   -0.242399    0.556687 -0.00452498  -0.0168055 -0.00522526 -2.43886
    0.413504   -0.023375    0.524037  0.00456718  -0.0124417 -0.00118272 -2.43764
     0.210049     0.262412    0.0797962   0.00593033  -0.00892555 -0.000141601 -2.43485
    0.153283   0.0230152    0.320031  0.00289516  -0.0109766 -0.00238727 -2.42792
     0.357452    0.0137033     0.275086   0.00552997   -0.0130918 -0.000322131 -2.42687
    0.212472    0.227042    0.695806  0.00572193  -0.0160314 -0.00243437 -2.42686
    0.155507   0.0683935    0.441419   0.0080591  -0.0143689 -0.00155874 -2.42686
     0.268048    0.0844098     0.488605  0.000558294    -0.013441 -0.000748958 -2.42686
    0.387342   0.0230171  -0.0554777  0.00210816  -0.0113079 -0.00117619 -2.42686
    0.123692    0.100727    0.158638 0.000678275 -0.00921753 -0.00277122 -2.42686
    0.325436   -0.121464    0.483319 -0.00230211  -0.0115971 -0.00207238 -2.42686
