    0.126383   0.0470458     0.19338  0.00716761 -0.00827311  -0.0057173 -4.56244
    0.180117  -0.0528538   -0.300286  0.00439734 -0.00523758   0.0019922 -4.56244
    0.125967  -0.0888292   -0.181464  0.00414191 -0.00711497 -0.00275737 -4.56244
  0.00614497  -0.0634607    0.114617 0.000942736  -0.0069016 -0.00187626 -4.56244
    0.270861    0.055015   -0.466501  0.00230907 -0.00416578 -0.00399321 -4.56245
     0.177977    -0.191211    -0.260338   0.00271228   -0.0010494 -9.69744e-05 -4.56245
   -0.116868    0.343148    0.423666   0.0072796 0.000498579 -0.00281866 -4.54744
  -0.0879598    0.299594   -0.198283  0.00966214  0.00748594 -0.00268141 -4.44381
    0.41396   0.656636  -0.449828  0.0147148 0.00213182 -0.0066524 -4.34473
    0.927644   -0.227419    0.527818   -0.010867 -0.00483697 -0.00298193 -4.25896
    0.518533    0.233657    -0.24061   0.0027817  0.00814787 -0.00157052 -4.1639
    0.280044   0.0820259   -0.110257 -0.00510124   0.0141076 -0.00232663 -4.07918
    0.982228    0.508596    0.222401 -0.00576644  0.00277242 -0.00433523 -3.99555
    1.06306 -0.0961472  -0.157955 -0.0196744 0.00643173 0.00233555 -3.89826
     0.770554     0.658992     0.155614  -0.00531827    0.0106611 -0.000220439 -3.81573
    0.379692    0.790698  -0.0682229  -0.0112135   0.0293296 -0.00101607 -3.71609
      1.0002    0.793988   -0.248533  -0.0182859   0.0151286 -0.00237641 -3.63321
    0.795743    0.328715   -0.381871  -0.0263437   0.0198322 -0.00496611 -3.53388
     0.963289      1.35027   -0.0581817   -0.0122934    0.0219433 -0.000750476 -3.4524
    0.667383     2.11816    0.385959 -0.00612479   0.0282733 -0.00501868 -3.35377
     1.25712     2.18479   -0.122381 -0.00725506    0.019879 -0.00491212 -3.27102
   0.748322    1.56714   0.215372 -0.0258283  0.0275048  0.0019612 -3.17419
    0.837866     2.23449  -0.0597055  -0.0143365   0.0312421 -0.00160179 -3.08981
    0.663591     2.88563    0.413393 -0.00278624   0.0295388 -0.00306999 -3.00102
    0.873888     3.15285    0.124567 -0.00927486   0.0228297 -0.00625371 -2.90705
    0.718585     2.82071   -0.283877  -0.0177873   0.0355772 -0.00265466 -2.8239
    0.549301     3.56989    0.475955 -0.00689689   0.0253474 -0.00557388 -2.72682
    0.603446     4.14723    0.124119  0.00054566   0.0333559 -0.00479995 -2.64219
    0.549042     4.00133   -0.419087 -0.00803967   0.0294803 -0.00198796 -2.54522
    0.142394     4.37537    0.337949 -0.00178858    0.026452 -0.00524302 -2.46154
    0.111283     4.45042   -0.192556 -0.00811707    0.025824   0.0019894 -2.36456
     0.40905     5.69512   -0.130456   0.0184087   0.0230973 -0.00279994 -2.27949
   0.0931891     5.32181  -0.0164583  0.00625598   0.0180645 -0.00558442 -2.18231
   -0.170978     5.02738    0.312256 -0.00116648   0.0140832 -0.00144463 -2.09917
   -0.194761     5.28501   -0.264969  0.00199804   0.0130625 -0.00139968 -2.01531
   0.0775613     5.81482   -0.224507   0.0117794  0.00670269 -0.00997532 -1.91824
    0.102427     5.83002    0.194514  0.00922465 1.47847e-05 -0.00199276 -1.8336
   -0.221969      5.3927    0.523298 -0.00397832  -0.0049167  0.00506407 -1.73701
   -0.708353     5.41334   0.0222454 0.000333271  0.00355265 -0.00704809 -1.65196
   -0.468783     5.89524   -0.181757  0.00845331 -0.00269284 -0.00793442 -1.57031
   -0.581061     5.55923   0.0123331  0.00278517   -0.015676 -0.00146296 -1.47104
     -0.81848      4.82687     0.332569   -0.0146483   -0.0154671 -0.000403362 -1.38859
   -0.841629     4.73087   -0.423126 -0.00642751  -0.0113307 -0.00201145 -1.29064
   -0.982776     4.97009   -0.459315  -0.0108927  -0.0168978 -0.00336742 -1.20726
    -1.06219     4.96969   -0.551942 -0.00465691  -0.0234089 -0.00388858 -1.10975
    -1.57407     3.88529   -0.307511  -0.0244683 -0.00929833  0.00258168 -1.02503
    -1.50783     4.41545   -0.263599 -0.00971742  -0.0177633  0.00260171 -0.926875
    -1.5685    4.10182 -0.0613941 -0.0167113 -0.0172487 0.00251156 -0.845371
    -1.38192     4.09236   -0.575461 -0.00856969  -0.0272955  0.00399311 -0.760443
    -2.46128     3.37742   -0.166615  -0.0229111  -0.0173033 -0.00437469 -0.664258
    -2.52328      3.5189    0.337427  -0.0184003  -0.0181699 -0.00215914 -0.577048
   -2.28722     3.0698  -0.262458 -0.0140763 -0.0176207 0.00113299 -0.482413
   -2.34441    2.65507  -0.521241 -0.0238512 -0.0197337 0.00349476 -0.396637
   -2.93185    2.21518  0.0154074 -0.0274056 -0.0141703 0.00277609 -0.300127
    -2.66173     2.26041   -0.577353   -0.014835  -0.0146401 0.000642092 -0.215094
    -2.86214     2.30085   -0.329223  -0.0172634  -0.0155869 -0.00576134 -0.119045
   -2.65668    1.89815  -0.511742 -0.0152876 -0.0212469 0.00126089 -0.0357409
   -3.84044    1.82099   -0.23076 -0.0182007 0.00488363 0.00292838 0.0621198
    -3.10592     2.08814  -0.0336338 -0.00965566 -0.00759064  0.00261952 0.146398
     -2.9855     1.84207   -0.173483 -0.00111654 -0.00698575 0.000888357 0.242856
    -2.74917     1.57055   -0.228612 -0.00515896     -0.0129  0.00146837 0.328202
   -3.19172    1.90866  -0.292631 0.00697854 0.00038372 0.00116422 0.411632
     -3.27576      1.73896     0.110464     0.014077 -0.000486703  -0.00352969 0.509168
   -2.42877    1.66573  -0.234888  0.0153882 -0.0112019 0.00416956 0.591332
     -2.25588      1.09926    -0.165365 -0.000392679   -0.0100825  0.000494526 0.690355
    -2.30749     1.67284   0.0874022   0.0215491  -0.0114379 -0.00480318 0.77368
    -1.98464     1.25764   -0.509863   0.0191822  -0.0116064 -0.00286687 0.857466
    -1.98768       1.599   -0.415013   0.0263593 -0.00408641 -0.00684712 0.954803
    -1.92854    0.738642   -0.563186   0.0106323 -0.00485186 -0.00804788 1.03897
    -1.75829     1.05121   0.0673848   0.0190066  -0.0049079 -0.00793348 1.13494
    -1.49616     1.02904    0.147441   0.0153569  -0.0110807 -0.00472808 1.21841
   -0.797957    0.734678   -0.116657   0.0158085   -0.013519 -0.00114936 1.31733
   -0.773519    0.121281   -0.580469 -0.00160876 -0.00985007  0.00293501 1.40133
  -0.449171   0.529456  -0.827422  0.0114502 -0.0104209 0.00131692 1.48551
   -0.425002     1.05234    0.266582   0.0192946  -0.0115094 -0.00192661 1.58236
   0.0126924    0.606561   -0.661911   0.0180192 -0.00696261 0.000510047 1.66598
   -0.113086    0.105233   -0.206035 0.000134369 -0.00649148  0.00503572 1.76339
   0.0238305    0.145452    -0.19579 -0.00174953  0.00517627  0.00269905 1.84726
    0.801388     0.36643   -0.925921  0.00773679  -0.0100863 -0.00414303 1.93226
    0.525297    0.293313   0.0440719 -0.00223218 -0.00745529    0.001063 2.0291
    0.722767     0.16732   -0.655983 -0.00670385  0.00471686  0.00207161 2.11166
    0.520068   -0.125506    -0.62177   -0.010796  0.00796687 -0.00262021 2.21051
    0.811395    0.488353   -0.690508 -0.00378365  0.00231006  0.00252161 2.29345
      1.06415     0.202659    -0.108949   -0.0182791   0.00613695 -0.000159507 2.37774
     0.9135   0.764509  -0.664183  -0.012226  0.0139596 0.00534511 2.47365
   0.760687   0.364642  -0.127617 -0.0191133  0.0199574 0.00324804 2.5593
   0.967743   0.749049  -0.410985 -0.0185413  0.0144766 0.00530826 2.65652
   0.705195   0.901073  -0.485992 -0.0167125  0.0182828 0.00421002 2.73974
    0.845999     1.24231   -0.512564  -0.0171722    0.025832 0.000573928 2.83652
   0.667906    1.22983  -0.629217 -0.0240664  0.0268423 0.00443642 2.92106
   0.842135    1.55898   0.082167 -0.0238223   0.018915 0.00389562 3.00557
   0.634556    1.78749  -0.773351 -0.0187587  0.0310614 0.00727245 3.10159
   0.629044    2.78663   0.254065 -0.0117101  0.0310253 0.00245134 3.18625
   0.161647    2.71691   -0.19522 -0.0141379  0.0385038 0.00352729 3.28391
   0.485253    2.44404   -0.45575 -0.0258325  0.0338575 0.00191798 3.36831
   0.249154     2.6801  -0.731768 -0.0247799  0.0382183 0.00554692 3.45182
   0.31533   3.58924 -0.219461 -0.016987 0.0241382 0.0029289 3.54791
   0.157474    3.76921  -0.032759 -0.0170351   0.034986 0.00668341 3.63256
  0.0758787    4.15492  -0.233617 -0.0149975  0.0307863 0.00499036 3.72972
  -0.190095     4.3091  -0.180823 -0.0124395  0.0356665 0.00649699 3.81451
   -0.148317     4.81164   -0.348077 -0.00272517   0.0247321  0.00342045 3.91046
  -0.268654    5.28148  -0.535393 0.00127142  0.0322667 0.00289184 3.99555
  -0.326382    4.69463 -0.0132578 -0.0103523  0.0248447 0.00339261 4.07959
   -0.672567     5.06673   -0.374266 -0.00763098   0.0251478  0.00399457 4.1764
   -0.436248     5.17221   -0.502304 -0.00424292   0.0237435  0.00138673 4.25986
   -0.573455     5.59921   -0.663811 0.000878999   0.0161483 0.000516642 4.35695
  -0.479394    5.59276  -0.591013 0.00428036 0.00676731 0.00116454 4.44191
   -0.946968     5.76671   -0.369117 -0.00604785  0.00776693 -0.00130556 4.52531
   -0.707737     5.30218   -0.310239  -0.0079864 -0.00161516 -0.00083293 4.62328
   -0.947312      5.4029   -0.297485 -0.00585107  0.00924717 -0.00178315 4.6154
   -0.709296     5.47673   -0.759188 -0.00202926  0.00990728 -0.00521699 4.59445
  -0.717275    5.78729  -0.452189 0.00230946 0.00938105 0.00388131 4.58582
   -0.393382     5.42139    0.109177  -0.0044963  0.00152274 -0.00161837 4.48025
   -0.483626     5.59309   -0.256078   0.0063395   0.0117164 -0.00126755 4.37751
  -0.345006    5.50174   0.120604 0.00225702  0.0115603 0.00294728 4.29592
   -0.501654      5.3966    0.629681 -0.00532574   0.0214187  0.00100315 4.19927
  -0.0323693     4.71984   0.0641276  -0.0117051   0.0244615 -0.00353151 4.10844
  -0.0319198     5.28741  -0.0473587  0.00537902   0.0260563 -0.00110855 4.03154
    0.31494    4.88407   0.270806 0.00178936  0.0214543 0.00246081 3.93389
  -0.0681192     4.22359    0.426811 -0.00546366   0.0267833  0.00374628 3.85047
   0.422185    3.95696   0.461987 -0.0130308  0.0285771 0.00357222 3.75217
   0.364847    4.03803    0.29676 -0.0055882  0.0330811 0.00160784 3.66873
   0.776879    3.53019  0.0667704 -0.0127261  0.0251547 0.00373641 3.57093
   0.565208    2.93257 -0.0621074  -0.021682  0.0343276 0.00678095 3.48775
   0.690268     2.7718   0.210494 -0.0200662  0.0227446 0.00476033 3.38987
    0.284538     2.85502    0.460009 -0.00840308   0.0327855 -0.00595907 3.30634
     1.22446     2.66805   -0.186075 -0.00523176   0.0232498  -0.0038458 3.20848
    0.929056     1.65125    0.206713  -0.0170522    0.024283 -0.00149825 3.12624
     1.05325     1.65558    0.320234  -0.0156648   0.0142988 -0.00302159 3.04062
    0.898925     1.29353   -0.049275  -0.0230002   0.0255133 0.000972856 2.94379
    1.13665      1.221  0.0614756 -0.0125149   0.017144 0.00464501 2.85931
    1.16511   0.608986   0.129507 -0.0271722  0.0169507 0.00225196 2.7624
    1.22588   0.757843   0.665614  -0.019211  0.0104172 0.00176903 2.679
     1.08964    0.354043   0.0229701  -0.0158598   0.0105829 -0.00129254 2.58161
    1.20359   0.662257   0.239697 -0.0116195 0.00785185 0.00258582 2.49819
     1.27165    0.188047    0.379494  -0.0163632  -0.0010918 -0.00333965 2.40008
      1.33416     0.473313    -0.197775  -0.00887837  -0.00265944 -0.000291215 2.31621
    0.929595   -0.161087   -0.505011  -0.0125335 0.000477861 -0.00117805 2.23268
     0.92188   0.0777301    0.584733 -0.00867167 -0.00412206  0.00355002 2.13451
    0.936014    0.156325    0.114797 -0.00335597  -0.0110001 -0.00256753 2.05128
     1.16792    0.200288    0.319888  0.00238981  -0.0109874 -0.00298835 1.96756
    0.408131    0.163787    0.124405 -0.00102768 -0.00630468  0.00152173 1.87021
     0.475307    -0.167233    -0.144948 -0.000676243  -0.00882279  -0.00463182 1.78587
    0.188393    0.868606    0.045437   0.0191311   -0.012501 -0.00427081 1.68835
  -0.0824139    0.813317    0.305072   0.0174659 -0.00398022 -0.00275167 1.60513
   -0.247579    0.168784  -0.0109145  0.00816889  -0.0117528 -0.00397607 1.50787
  -0.125557 -0.0252082 -0.0661711 0.00885387 -0.0190702 -0.0029258 1.42382
  -0.240124   0.828158  -0.167816   0.021084 -0.0190212 -0.0030481 1.32577
 -0.973886   1.18406  0.311493 0.0245916 -0.016122 0.0011497 1.24304
    -1.54794     0.76275   -0.115892   0.0161766 -0.00815327  -0.0128564 1.14508
    -1.38389     1.10175     0.15242   0.0185855  -0.0072231 -0.00291156 1.06042
     -1.7065     1.60191    0.543368   0.0284462 -0.00608647 -0.00176421 0.9758
    -1.66174    0.994113   0.0969617   0.0131221  -0.0210329 -0.00580092 0.881081
     -2.20089      1.29275     0.335707    0.0140537   -0.0068599 -0.000141652 0.796572
    -2.19013     1.36217    0.448704   0.0165792  -0.0147654 -0.00756823 0.698533
    -2.48849     1.72834    0.223663   0.0165147 -0.00815892 -0.00170837 0.613888
    -2.78083     1.79299  -0.0173415   0.0149979 -0.00499477 0.000134978 0.530762
    -3.10351     1.48446    0.230415   0.0032959 -0.00316623 -0.00204123 0.432733
     -2.57046      1.37599     0.212797  -0.00310779   -0.0207258 -4.93593e-05 0.349795
    -2.71726     1.95749   0.0263727 0.000269758  -0.0129137 -0.00525565 0.266344
     -2.8336     1.95217    0.193553 -0.00312932  -0.0172907 -0.00277886 0.169122
    -3.22112     1.47887    0.155479  -0.0159563 -0.00896952  0.00114653 0.0834512
    -2.60418     2.10364    0.821309 -0.00896984  -0.0238562 -0.00124404 -0.0129852
    -2.69276     2.40865    0.338069  -0.0117053  -0.0149741 -0.00569784 -0.0970019
   -2.90045    2.39162   0.551586 -0.0144176 -0.0192483 0.00280069 -0.193847
    -2.67006     1.99154    0.254683  -0.0304434  -0.0161035 0.000898816 -0.277696
    -2.38899     2.42869   -0.213966  -0.0199421  -0.0291897 -0.00658033 -0.374802
    -2.54937      3.0724    0.403223  -0.0194369  -0.0223074 -0.00107342 -0.458149
    -2.32107     3.68147    0.340536  -0.0124891  -0.0183025 0.000444047 -0.542616
     -2.17169      3.07869    -0.135525     -0.02439   -0.0198093 -0.000716471 -0.640686
    -1.17202     3.85805     0.60818  -0.0150527  -0.0425986 -0.00331095 -0.724504
    -1.64428     3.40583   -0.382359  -0.0257438  -0.0243955 -0.00258315 -0.821129
   -1.56769    3.89599  0.0975026 -0.0202076 -0.0200923 0.00237994 -0.904559
     -1.53278      3.87003   -0.0331017   -0.0245541   -0.0248898 -0.000774136 -1.00233
    -1.06667     4.49568    0.141857 -0.00795957  -0.0222304 -0.00568604 -1.08643
    -1.10322      5.1494    0.293893  -0.0033371  -0.0173611 -0.00280643 -1.17054
   -0.902324     5.25491    0.381796 -0.00614337  -0.0137866 -0.00618473 -1.26763
   -0.571103      5.0153    0.068109 -0.00314032  -0.0222786 -0.00906394 -1.35086
   -0.404049     5.56156   0.0488067  0.00411498  -0.0183592 -0.00283514 -1.44899
    -0.411631      5.35139     0.052197 -0.000139329    -0.009274  -0.00270572 -1.53297
   -0.796937     5.45493   -0.179282  -0.0048354  0.00251124 -0.00322924 -1.63062
   0.0470362      5.0255    0.461725  -0.0115303 -0.00866505 -0.00292716 -1.71283
   -0.186457     5.92319   -0.173244  0.00648952  0.00327705 -0.00443707 -1.79916
    -0.36784     5.69495  -0.0886327  0.00839194   0.0117071 -0.00253348 -1.89506
  -0.0794582     5.27014    0.190965 -0.00430728  0.00773893 -0.00157476 -1.98024
   0.293555     5.3917   0.650098 0.00122415  0.0124735 -0.0048909 -2.07634
    0.172321     5.24694    0.901701   -0.003872   0.0153352 -0.00443238 -2.16078
    0.172228     5.47763    0.904582   0.0121829   0.0215119 -0.00670056 -2.25788
    0.200021     4.76952    0.268249  -0.0038398   0.0233495 -0.00267742 -2.34272
   0.641503    4.22195    0.28282 -0.0057497  0.0152672 -0.0018101 -2.42556
    0.642894     4.12163    0.153568 -0.00378293   0.0223853 -0.00937452 -2.52356
   0.0489369     4.16112    0.421383  0.00015001   0.0366512 -0.00674098 -2.60671
    0.104089     3.44145    0.281549  -0.0131641    0.035847 -0.00189491 -2.70488
    0.752246     3.42262    0.428585 -0.00594524   0.0266695 -0.00561644 -2.78768
    0.934293     3.08307 -0.00456806  -0.0098321   0.0248379   -0.010529 -2.88578
    0.371724     2.98466    0.792307 -0.00264534   0.0279377  -0.0030084 -2.96821
    0.688407     2.05978    0.315793  -0.0251439   0.0318539 -0.00294289 -3.05391
     0.90622     2.10867    0.294493 -0.00907932   0.0252352  -0.0115877 -3.15033
    1.25678    1.80877   0.280448 -0.0106073  0.0216268 -0.0105395 -3.2339
    0.547596     2.02178    0.677279 -0.00600806   0.0261741 8.65289e-05 -3.33136
    0.637547    0.865056    0.230597  -0.0300296   0.0231606 0.000406134 -3.41569
    0.910477    0.978334    0.710051  -0.0135067    0.015989 -0.00908437 -3.51225
      1.0294    0.780815    0.658839  -0.0148961  0.00972937 -0.00545382 -3.59599
    0.531297    0.743864    0.128116   -0.010194   0.0206365 -0.00252771 -3.68052
     1.06044    0.199924    0.101889  -0.0183036  0.00991355 -0.00135195 -3.77815
     0.92077    0.464456    0.226976  -0.0115445  0.00298147 -0.00136798 -3.86106
     1.00979    0.594125     -0.1042 -0.00518769  0.00575009  -0.0021183 -3.94536
    0.367357    0.262584    0.100772 -0.00388546   0.0150884 -0.00654808 -4.04231
    0.583266   0.0702435    0.038784 -0.00944206    0.001371  -0.0104159 -4.127
    0.467717   0.0826364   -0.127301  -0.0044941  0.00269785 -0.00904628 -4.22369
     0.759707     0.445851    -0.206426    0.0090144 -0.000528916  -0.00429458 -4.31346
   0.154354   0.092752    0.15443 0.00742215 -0.0022212 -0.0107149 -4.29984
    0.523824   -0.247811    0.236744 -0.00673395 -0.00496369  -0.0011743 -4.17272
    0.216624  -0.0381101    0.680083  -0.0134455    0.011323 -0.00243439 -4.08671
    0.865441    0.442646    0.882691 -0.00409639 0.000713116 -0.00733873 -3.98912
    0.747401    0.469696   -0.186898 -0.00740985   0.0129655 -0.00751586 -3.90491
    0.916315    0.124373    0.222189  -0.0139828   0.0121558 -0.00468317 -3.82066
    0.409921    0.568455   0.0483919   -0.015506     0.02433 0.000928466 -3.7233
     1.00034    0.659113   -0.087904  -0.0172125   0.0193999 -0.00829621 -3.63987
    0.817153    0.687404   0.0902929  -0.0183312   0.0281529 -0.00719759 -3.54135
   0.848878   0.655393   0.211713 -0.0247732  0.0243635 -0.0103351 -3.45813
    0.490496     1.54195    0.621992  -0.0121707   0.0303346 -0.00553295 -3.36189
    0.911078     2.29634    0.457371 0.000534961   0.0192644  -0.0111817 -3.27704
    0.730056     2.24947   0.0123385 -0.00597093   0.0292604 -0.00927313 -3.19371
     0.745018      1.85665      0.39412   -0.0279428    0.0305333 -0.000478826 -3.09515
    0.574066     2.78207    0.374958  -0.0124396   0.0302977 -0.00269596 -3.01248
    0.951739     2.93897    0.664803 -0.00800405   0.0273467 -0.00276502 -2.9141
    0.901592     3.39548  -0.0721096  -0.0130708   0.0210464 -0.00241877 -2.83156
   0.599367    3.38731   0.233767 -0.0164381  0.0292868 0.00167214 -2.74722
    0.225231     4.13612    0.457493   0.0027039   0.0316173 -0.00388108 -2.6496
     0.374811      4.41882    -0.159317    0.0011898    0.0273457 -0.000545578 -2.56601
    0.460539      4.2545    0.457997 -0.00477897   0.0229402 -0.00200671 -2.46834
    0.493245     4.39857    0.252087 -0.00723802   0.0201185 -0.00335155 -2.38448
   0.0880381     5.36336    0.154689   0.0113625   0.0246442 -0.00581289 -2.30264
    0.379871      5.7585   0.0810551  0.00925253   0.0176353 -0.00209986 -2.20364
   0.0661877     5.42969    0.192505  0.00223422   0.0115793 -0.00529167 -2.1201
   0.148412    5.17751   0.314639 -0.0015652 0.00954411 0.00227431 -2.02209
   -0.081267     5.59372    0.281965  0.00963694   0.0154014 -0.00508298 -1.93959
     0.10503     5.78874   -0.180659  0.00544651  0.00125556 -0.00415444 -1.84051
    -0.217214      5.25154    0.0183695   -0.0071239  -0.00125575 -0.000922287 -1.75809
   -0.301834     5.40605    0.102748 -0.00395076 -0.00247961 -0.00344189 -1.67386
    -0.684899       5.5347     0.445252   0.00127491 -0.000747064   0.00103759 -1.57728
    -0.11421     5.72343  -0.0306457  0.00508207  -0.0124967 -0.00871727 -1.49229
   -0.788802      4.9348    0.624987  -0.0173355  -0.0184708 -0.00260194 -1.39486
   -0.546188     4.67349  -0.0994214  -0.0172396  -0.0224611 -0.00454208 -1.31002
    -1.34379     5.31291    0.310574 -0.00416384   -0.010085 0.000441177 -1.22857
     -1.36595      5.27956    0.0106861   0.00247901   -0.0126753 -0.000871739 -1.13013
     -1.8241     3.97361   -0.358111  -0.0210484  -0.0149404 -0.00559098 -1.04724
     -1.50431      4.09728   -0.0684712   -0.0188365    -0.023397 -0.000226882 -0.961359
    -1.55342     3.68988    -0.46167  -0.0238025  -0.0263681 -0.00556747 -0.864786
    -1.28714     4.37807   -0.618494 -0.00458601  -0.0295304  -0.0041231 -0.7799
      -2.2868      3.37455    -0.456827    -0.025735   -0.0192785 -0.000629719 -0.697978
    -2.48883     3.24335   -0.256234  -0.0182892  -0.0209069 0.000685532 -0.600453
   -2.55318    3.15293   -0.12854 -0.0140678 -0.0147676 0.00341919 -0.515692
   -2.66508    3.22717 -0.0485242 -0.0107386 -0.0192778 0.00252597 -0.418481
   -2.84317    2.22948  0.0963694 -0.0286974 -0.0178971 0.00309896 -0.33458
    -3.15544     2.56895   -0.191636  -0.0159425  -0.0147818 -0.00389139 -0.236426
    -2.97773      2.3116   -0.123392  -0.0123071  -0.0166788 -0.00571963 -0.154137
    -2.63159     2.66892    0.050106 -0.00157976  -0.0205038  0.00156589 -0.0557528
    -3.45047     1.73957   -0.250816  -0.0175417 -0.00679744 -0.00214539 0.0259705
    -3.27665     2.06584    -0.36857 -0.00630947 -0.00891861  0.00434421 0.111893
    -3.34116     1.75611    0.167653 -0.00916493 -0.00223528 0.000579129 0.208476
     -2.6527     1.97664    0.388803  0.00802032  -0.0236479 -0.00415925 0.293592
     -2.92949      1.60878   -0.0962753 -0.000732657  -0.00240464  -0.00121159 0.390385
    -3.00993     1.81795    0.271287   0.0131601 -0.00612352 -0.00669337 0.474161
    -2.95891     1.26512     0.30623  0.00170207 -0.00270184 -0.00254944 0.57178
    -2.31085     1.34194   -0.368971  0.00475196  -0.0098236 -0.00111638 0.65476
    -2.39992     1.05731   -0.167774  0.00281012  -0.0101755 0.000533672 0.752108
   -2.33527     1.1467  -0.134915  0.0144104 -0.0117686 -0.0041283 0.835988
    -2.31396     1.39428    0.377129    0.015486 -0.00868081  -0.0026945 0.920644
    -1.90309     1.17459   0.0708916   0.0226734  -0.0038101 -0.00868126 1.01784
     -1.74171     0.756597     0.322398    0.0114926 -0.000962144   0.00146487 1.1014
    -1.58569     1.19981  -0.0116845   0.0248542 -0.00640771 -0.00193473 1.18494
    -1.06814    0.716524  -0.0225181   0.0164406 -0.00216678 -0.00126096 1.28248
   -0.620409     0.66188   -0.536602    0.013113  -0.0118796 -0.00419693 1.36687
   -0.327385    0.565488 -0.00787246   0.0137867  -0.0225345 -0.00193029 1.45025
   -0.486261    0.843126    0.430452   0.0157588 -0.00701326 -0.00444991 1.54838
   -0.426082    0.681587   -0.197387   0.0159513 -0.00492151 -0.00233126 1.63181
   -0.113457     0.57998    -0.11018  0.00756493 -0.00239593 0.000582343 1.72839
    0.145373   -0.401713   -0.134773  -0.0111206 -0.00358129  0.00271292 1.81284
     0.57044  -0.0480305   -0.688597 8.67584e-05  -0.0122126 -0.00685498 1.89641
    0.497442    0.756844   -0.358428  0.00715247 0.000527036 -0.00373111 1.9948
    0.57567   0.663707    -0.5155 0.00166029 0.00704971 0.00190527 2.07711
   0.750498  -0.372059  -0.213834  -0.018062 0.00215521 0.00010506 2.17583
    0.923325    0.516485   -0.189231 -0.00564138 0.000103299  0.00460107 2.2589
   0.864112  -0.108319  -0.658033  -0.018357 0.00806372 0.00068977 2.35615
      1.07033     0.488283    -0.481552  -0.00940813   0.00421886 -0.000946407 2.43991
    0.586729 -0.00999726   -0.466854  -0.0264873   0.0183036  0.00780919 2.53717
     1.05179    0.860173    0.297668  -0.0177844   0.0152597 0.000651626 2.62207
     1.05225     0.48712   -0.250416  -0.0225235   0.0203142 0.000199241 2.70514
    1.07887    1.41184 -0.0969767 -0.0153207  0.0191359 0.00215351 2.80254
   0.723008   0.813976 -0.0583514 -0.0324659  0.0229105   0.005485 2.8862
   0.982032    1.39878  -0.123339 -0.0278011  0.0278898 0.00271351 2.98351
   0.752367    1.53427  0.0863101 -0.0280823  0.0193728  0.0060324 3.06815
    0.666543     2.51296   0.0282755 -0.00951641   0.0248118  0.00138785 3.16518
    0.15747    2.26042   0.170621 -0.0262619  0.0368681 0.00502735 3.24977
   0.546559    2.72313  -0.329116 -0.0190592  0.0301575 0.00108029 3.33182
   0.254805    2.95811    -0.5662 -0.0180075  0.0334101 0.00212656 3.43089
   0.572666    3.55007   0.152435 -0.0118035  0.0245836 0.00549315 3.51349
  -0.107147    3.40523  0.0461507 -0.0236592  0.0404314 0.00416378 3.59802
  0.0147255    3.91652 -0.0297873 -0.0173412  0.0337272 0.00414754 3.69488
  -0.241969    4.24973  -0.644616 -0.0101204  0.0347784 0.00476008 3.77903
  -0.155283    4.55944  -0.593245 -0.0120975  0.0326127 0.00518351 3.8767
    -0.181176      4.57368    -0.348484   -0.0113257    0.0316907 -0.000812386 3.96038
    -0.151041      4.90186     -0.13489  -0.00487163    0.0285151 -0.000334155 4.04296
  -0.381518    4.88594  -0.133256 -0.0138195  0.0218001  0.0020684 4.14192
   -0.403057     5.08658   -0.467956 -0.00688865   0.0161492  0.00288418 4.22527
   -0.933395     5.31878  0.00603459 -0.00439039   0.0246506 0.000276575 4.32327
    -1.00939     5.78833   -0.448692  0.00510794   0.0184354 -0.00225891 4.40736
   -0.686272     5.27431   -0.467021  -0.0110123   0.0112657 -0.00357577 4.49014
   -0.882862     5.29987   -0.307756 -0.00864335 0.000729456 -0.00203321 4.58839
   -0.383573     5.04288   -0.614418  -0.0120518 -0.00102207 -0.00612621 4.63925
   -0.541262     5.67429 -0.00336256 -0.00199532  0.00608839 -0.00141095 4.51545
   -0.718509     6.02506    0.298897  0.00811999  0.00934865 -0.00156758 4.42702
   -0.874188     5.25478    0.414891 -0.00209739   0.0226629 -0.00276571 4.32854
   -0.056099     5.01731   0.0655799 -0.00477164   0.0190998 -0.00395955 4.24441
  -0.329662    4.89297   0.616567 -0.0102648  0.0199838 0.00592196 4.14772
   -0.155495     4.93446 -0.00444289 -0.00597583    0.028363  0.00438004 4.06438
   -0.386661     4.53608    0.438129 -0.00592248   0.0267157  0.00174095 3.97986
  0.161961   4.47509  0.271609 -0.010692 0.0290182 0.0029122 3.88188
 -0.0173398      4.098   0.144738 -0.0167413  0.0358166 0.00382623 3.79789
   0.218688    3.76963    0.21075 -0.0156827  0.0322945 0.00277159 3.70221
   0.210054    3.29096   0.414107 -0.0218025  0.0404526 0.00366727 3.6179
    0.752004      3.1147    0.379651  -0.0122088   0.0233816 -0.00195231 3.52005
    0.865276     2.90363    0.294604  -0.0185453   0.0243315 0.000520565 3.43684
   0.515636    2.77394 -0.0361537 -0.0179832  0.0298908 0.00110969 3.33896
    0.335873      2.0928    0.324485  -0.0261417   0.0341478 0.000610939 3.2551
     1.10273     2.00766    0.176857  -0.0207927    0.021114 0.000166066 3.17136
      1.15865      1.15029     0.238551   -0.0344248    0.0230005 -0.000952221 3.07316
     1.19255     1.32685   0.0283989  -0.0228579   0.0204509 0.000379995 2.99013
    1.04243    0.62326   0.140646 -0.0353021  0.0221459  0.0032017 2.90692
    1.42811    1.33207   0.518322 -0.0207743  0.0106543 0.00142526 2.80926
    1.25508   0.760721   0.171312 -0.0261243  0.0125458 0.00217779 2.72456
      1.08805      0.44029   -0.0120921   -0.0221335   0.00967655 -5.00943e-05 2.64184
    1.08354  -0.174393   0.307043 -0.0312358 0.00962786 0.00232367 2.5427
    1.49857   0.619867   0.149437  -0.016155 0.00198137 0.00149124 2.46058
    0.924796    0.120157   -0.282867  -0.0168096  0.00772613 -0.00739222 2.36362
    0.895906    0.501699    0.179659 -0.00232187   0.0015037 -0.00218436 2.27943
      1.2173   -0.237632    0.238227  -0.0158775  -0.0041577 -0.00178719 2.19456
     1.05168    0.676571   -0.161825  0.00848389 -0.00521178 -0.00355202 2.09677
      1.05002     0.148019     0.282589  -0.00755394   -0.0135278 -0.000102775 2.01431
    0.626295    0.383626    -0.17775   0.0024338  -0.0138241 -0.00848125 1.91613
    0.536519   -0.235436   -0.315933 -0.00255074  -0.0122856 -0.00390078 1.83264
    0.121604    0.555652    0.295694   0.0135046 -0.00430484  -0.0041746 1.73512
   0.0052724     0.75404    0.509584   0.0135825 -0.00663877 -0.00414846 1.6512
   -0.222147     0.98401    0.137277   0.0269693 -0.00574339 -0.00394935 1.56713
   0.0455059    0.444023   -0.132546   0.0114158  -0.0182612 0.000181946 1.46921
    -0.35787    0.897794  -0.0392803   0.0223269  -0.0194231 -0.00129013 1.38699
   -0.650303     1.23392    0.429134   0.0268533  -0.0170263 -0.00533277 1.28863
    -1.35333     1.27103  -0.0119981   0.0273412 -0.00678543 -0.00152983 1.20524
    -1.26585     1.00542    0.146145    0.019261  -0.0103308 -0.00174018 1.10761
   -1.43194    1.51288    0.23444  0.0269554 -0.0118411 -0.0118456 1.02383
    -1.93499     1.14469    0.364512   0.0163151 -0.00658879  -0.0066355 0.926299
    -2.31154     1.15493   0.0371311   0.0123706 -0.00551986 -0.00613921 0.841161
    -2.02072     0.91142      0.1524  0.00645107  -0.0100306 -0.00468215 0.759763
     -2.3029     1.32586   -0.092033   0.0142552  -0.0134268 -0.00841323 0.661274
    -2.86607     1.90794    0.728151   0.0165511  -0.0103056 -0.00461718 0.577802
    -3.15255     1.52647    0.178981  0.00838802 -0.00673246 -0.00892349 0.480706
    -2.74156     1.11009   -0.128623 -0.00224757  -0.0139308  -0.0067823 0.395495
    -2.95448     1.81953     0.73265  -0.0019304  -0.0147574 -0.00355858 0.298493
     -2.90349       1.7066     0.449372  -0.00827436  -0.00680775 -0.000897269 0.212592
    -3.33797     1.99835    0.253128 -0.00535841 -0.00871345  0.00265917 0.132502
    -2.98582     1.29664    0.353069  -0.0228317  -0.0138153 -0.00209346 0.0330077
    -2.77251     2.37484 -0.00290131 -0.00639892   -0.020295 -0.00450091 -0.0493649
    -2.86714     2.61966    0.261962 -0.00603524  -0.0128425 -0.00552776 -0.13535
    -3.16055     2.36464   0.0973794  -0.0167058 -0.00836586 -0.00635905 -0.231713
     -2.46738      2.09749     0.877918   -0.0338581   -0.0223756 -0.000119134 -0.315657
   -2.32613    2.62156   0.400656  -0.029549 -0.0173566 0.00438639 -0.41357
    -2.75555     3.15797     0.28575  -0.0154052  -0.0103063 -0.00756878 -0.496832
    -2.66081     3.48048   -0.127162  -0.0145171  -0.0207351 -0.00347253 -0.579582
    -1.96541     3.05066    0.314141  -0.0280956  -0.0255936 -0.00519059 -0.67761
    -1.40513     4.19621    0.206799 -0.00992887  -0.0321812 -0.00849361 -0.76169
    -1.47053      3.4928     0.15778  -0.0293174  -0.0273241 -0.00652611 -0.85998
    -1.94391     4.11927     0.14544  -0.0137576  -0.0130033 -0.00585049 -0.942624
    -1.15899     4.23736    0.266079  -0.0138306  -0.0219304 -0.00061609 -1.04114
    -1.12766     4.51788    0.313126  -0.0132634  -0.0235857 -0.00358659 -1.1233
    -1.24786     5.06191   0.0859262 -0.00665382  -0.0179395 -0.00112581 -1.22241
    -1.25503     5.01653    0.919765  -0.0083569  -0.0120571 -0.00698232 -1.30507
   -0.608247     5.06642    0.326769 -0.00138304  -0.0152537 -0.00757931 -1.40248
   -0.583174     5.74708     0.31033  0.00129711  -0.0102992 -0.00900635 -1.48634
    -0.648797      5.61486   -0.0147762 -0.000285024   -0.0034299  -0.00203593 -1.58411
   -0.654222     5.49799    0.237001 -0.00461829  0.00685392 -0.00956032 -1.66824
  -0.0251842     5.43813    0.943469  -0.0023878  0.00363866 0.000112194 -1.75038
   -0.215621     6.14644    0.287269   0.0115311  0.00155676 -0.00650979 -1.8487
  0.00759264     5.59069    0.281669 0.000631225   0.0111709 -0.00611485 -1.9325
   -0.206921     5.11517    0.739697  -0.0129106   0.0146277 -0.00103949 -2.03056
     0.11267     5.18169    0.571461 -0.00432278   0.0188693 -0.00222753 -2.11355
      0.10439      5.73981      0.92494    0.0106311    0.0275486 -0.000928097 -2.21114
   0.374946    5.39243   0.529834 0.00945246  0.0212739 -0.0025155 -2.29451
  0.0266753    4.28461   0.545138 -0.0127092   0.022725 -0.0071043 -2.37948
    0.341887      4.2112    0.833549 -0.00914313   0.0211805  -0.0016204 -2.47633
    0.217658     4.36573    0.927736  0.00364384   0.0364775 -0.00412107 -2.56043
    0.600486     3.89936    0.659188 -0.00732671   0.0279159 -0.00201776 -2.65708
    0.699029     3.64629    0.348824 -0.00986816   0.0209263 -0.00742462 -2.74295
    0.785609     2.72364    0.239115    -0.01639   0.0231843 -0.00680132 -2.82553
   0.775999    2.82746   0.500462    -0.0129  0.0323551 -0.0052496 -2.92341
    0.723957     2.90971     0.24686 -0.00679277    0.028382 -0.00484873 -3.00575
    0.869782     2.59176    0.235527 -0.00839541   0.0284852 -0.00539182 -3.10528
    0.928837     1.98732    0.340774  -0.0146699   0.0220052 -0.00059285 -3.18831
    0.730769     2.12349    0.585388 -0.00334572   0.0225406 -0.00770565 -3.27171
    0.603433     1.36648    0.455169  -0.0162286   0.0356399 -0.00593882 -3.36978
    0.959041    0.788892    0.676778  -0.0258363   0.0190199 -0.00187188 -3.4537
    0.884315    0.954842    0.542463  -0.0191295  0.00837164 -0.00458833 -3.55051
   0.769172   0.733093 -0.0449143   -0.01318  0.0207184 -0.0103141 -3.63386
    0.384538    0.955875    0.591999 -0.00934942   0.0219577 -0.00710763 -3.71765
    0.596573    0.983377    0.951693 -0.00437271   0.0102335 -0.00950785 -3.8159
    0.977371    0.597077    0.190627 -0.00998104  0.00768514 -0.00423086 -3.89882
    0.604885    0.302056   0.0937322 -0.00227859  0.00660782 -0.00462823 -3.98168
    0.136449   -0.466736    0.289396  -0.0206133  0.00963323 -0.00690235 -4.08
     0.258771    -0.106217 -0.000366817  -0.00712783   0.00855129  -0.00849989 -4.16348
   0.970622   0.350292  -0.176772 0.00276669 -0.0104737 -0.0067692 -4.26162
    0.648523    0.754187   0.0864166   0.0133302 -0.00930575 -0.00435864 -4.35215
    0.446219    0.630602    0.207768   0.0104534  -0.0091412 -0.00735582 -4.36326
    0.502986    0.593087    0.332281  0.00812685  -0.0108199 -0.00571254 -4.36326
    0.598601    0.747432  -0.0873029   0.0105096   -0.014187 -0.00962545 -4.36326
    0.767686    0.617851   0.0780694    0.012305  -0.0100721 -0.00786726 -4.36326
    0.620946    0.659119   0.0833119   0.0085124 -0.00916423 -0.00783137 -4.36326
   0.682639   0.460024   0.196263 0.00914046 -0.0106933 -0.0117736 -4.36326
    0.734939    0.762972    0.294388  0.00993851  -0.0119772 -0.00402243 -4.36326
    0.761142    0.747761    0.544381   0.0118831 -0.00874694 -0.00565041 -4.36326
     1.02814    0.563263    0.406299   0.0111522   -0.011603 -0.00925104 -4.36326
    0.831347    0.618408  -0.0526019   0.0116051  -0.0161862 -0.00802807 -4.36326
   0.715825   0.956633   0.287289   0.016769 -0.0160647 -0.0121587 -4.36326
   0.513418   0.874189   0.202769  0.0162618 -0.0162084 -0.0117172 -4.36326
