    0.149717    0.229928   -0.124724  0.00571473 -0.00542276  0.00164788 4.58755
    0.147933   0.0228561    0.119421  0.00354879 -0.00206672 -0.00218644 4.58755
    0.180569   0.0739868    0.116715  0.00323252 -0.00803956 -0.00103365 4.58755
     0.259862    -0.225169     0.489593  -0.00370862  -0.00321534 -0.000617364 4.58755
   0.0294458   0.0867082   0.0431587 0.000637421 -0.00408505  0.00335441 4.58755
    0.117977    0.211934  -0.0388862   0.0042542 -0.00611797  0.00505446 4.58755
    0.147981   -0.183667    0.444104  0.00139929 -0.00180836 -0.00608848 4.58755
    0.090487    0.258296    0.539251  0.00527198 -0.00791634 -0.00136896 4.58755
  -0.0797755  -0.0688101    0.318651  0.00712501 -0.00581238 -0.00478551 4.58755
    0.167651   -0.169049    0.868571  0.00085325  0.00196675 -0.00170936 4.58755
     0.228538    -0.106784     0.619706  -0.00216873   -0.0018768 -0.000109366 4.58755
 0.000506732   0.179386   0.333914 0.00612784 -0.0042187 0.00171225 4.58757
  0.00162815    0.137994      1.2409  0.00449671  -0.0106551 -0.00313643 4.58757
   -0.029824    -0.10992 -0.00285657  0.00200951 0.000194893  0.00213956 4.58757
   0.0536429   -0.379455    0.201704 -0.00814696 -0.00154181  0.00452802 4.62714
   -0.349097   -0.511902  -0.0516122 -0.00828733 0.000217004    0.001184 4.62714
   -0.0293952     0.270908     0.460464    0.0115804 -0.000434408  -0.00113192 4.62714
  -0.268441   0.187659 -0.0260153 0.00278741 0.00797135 0.00244084 4.62714
  -0.359023 0.00883072  0.0968126 0.00365594 0.00961763 0.00546289 4.62714
  -0.471348  0.0742778   0.714477 0.00620581 0.00693757 -0.0030886 4.62714
 -0.000980474   0.389196  -0.237509  0.0103275  0.0014362 0.00446984 4.62714
 -0.0875805   0.707952   0.927273  0.0187543 0.00398923 -0.0102761 4.62714
    -0.17944    0.558104    0.681461   0.0163815  0.00679648 -0.00382754 4.62714
     -0.24262    -0.304782     0.376316 -0.000705921    0.0129424  -0.00229079 4.62714
  -0.302409  -0.512326   0.415479 -0.0075792 0.00687952 0.00520081 4.62714
   -0.300221   -0.344699     0.21106 -0.00575644  0.00899165  0.00186659 4.62714
   -0.180645  -0.0272551    0.419859  0.00468669  0.00768669 -0.00189115 4.62714
     -0.62688    -0.251699     0.429502   0.00117662    0.0208893 -0.000718509 4.62714
   -0.949397   -0.382288    0.309605 -0.00651046   0.0228901  0.00144959 4.62714
   -0.622577   -0.755988    0.327296 -0.00306605   0.0181183 -0.00221898 4.09502
   -0.412785  0.00648682  -0.0734566  0.00494841    0.014097 -0.00341751 3.99227
   -0.332546    -1.29553    0.975059  -0.0220675  0.00930219 -0.00399772 3.90803
   -0.836247   -0.284316     1.59535 -0.00306871   0.0202779 -0.00496958 3.82447
   -0.916311   -0.881293    0.580685  -0.0148462   0.0174264 -0.00227331 3.74131
   -0.823215    -0.55531    0.704936 -0.00645562   0.0183281   -0.011987 3.64404
   -0.330366    -1.56869    0.964924  -0.0253884  0.00925544 -0.00708521 3.56008
   -0.238915    -1.61292    0.172609  -0.0250734  0.00930162 -0.00456785 3.47559
   -0.456435    -2.26781    0.960411  -0.0433282   0.0152466 -0.00249704 3.39317
   -0.184855    -1.06827    0.439569  -0.0171144   0.0113253 -0.00348501 3.29428
   0.0501343    -1.65289    0.708554  -0.0274775  0.00437065 -0.00431919 3.21148
   0.173577   -2.16198   0.767184 -0.0318348 0.00162271 -0.0122659 3.1273
    0.244446    -3.30014     1.33658  -0.0618083   0.0036989 -0.00326104 3.04273
    0.401878    -2.37082     1.05433  -0.0374549 -0.00183922 -0.00732918 2.96014
     0.662526     -2.65707     0.879671   -0.0402509 -0.000992719  -0.00574336 2.8627
     1.07178    -2.82703    0.662593  -0.0443111 -0.00770674  -0.0013436 2.77852
    0.747196    -3.69709    0.771929  -0.0591955 -0.00957821  0.00608957 2.69414
    0.774988    -3.24364     1.07514  -0.0539668 -0.00774221  0.00242298 2.61139
    0.633598    -3.00975    0.663558  -0.0454305 -0.00481179 0.000475856 2.52865
     1.14646    -3.28641    0.917789  -0.0440762  -0.0269799 -0.00489405 2.43046
   0.876462   -3.72614    0.54821 -0.0587536 -0.0221291 0.00362476 2.34582
     1.08101    -3.33779    0.968313  -0.0506515  -0.0178977 -0.00687055 2.26361
    0.235246    -2.96483     1.40004  -0.0367339 -0.00881445   -0.011433 2.17917
     1.08838    -2.35377    0.322101   -0.024506  -0.0154055 -0.00814232 2.09545
   0.908901    -2.8474    1.30928 -0.0368107 -0.0183371 -0.0100514 2.01204
     1.29346    -3.16083    0.462592  -0.0391696    -0.02227 -0.00691225 1.9135
     0.70906    -2.90851    0.435351  -0.0302946  -0.0165802 -0.00440149 1.83013
    1.00569   -2.08608   0.530014 -0.0150126 -0.0188243  -0.010639 1.74669
    0.647531    -2.20031    0.666023  -0.0212033 -0.00976982 -0.00913782 1.65447
    0.970493    -2.32749    0.781075  -0.0270027  -0.0178998 -0.00859779 1.56542
    0.563858    -2.52388    0.323582  -0.0269006  -0.0119067 -0.00843847 1.48185
    0.361064    -2.05888    0.254027  -0.0180672 -0.00946021 -0.00945869 1.39805
    0.736026    -1.63656     1.17482  -0.0124029  -0.0160525 -0.00908907 1.31437
   0.533718   -2.44983    1.81472  -0.025658  -0.015501 -0.0191472 1.23059
   0.0373601    -2.37992    0.128228  -0.0209262 -0.00157334 -0.00974038 1.14633
    -0.251798     -2.17235     0.712113   -0.0138746 -0.000268545   -0.0172453 1.04996
    -0.37867    -1.35515    0.789499 -0.00390706  0.00603648 -0.00910198 0.965118
   -0.0799019     -2.60847 -0.000113419   -0.0231033  -0.00672123 -0.000481932 0.883049
  -0.433133   -2.63266    1.00047 -0.0280314 0.00116206 -0.0143707 0.798886
   -0.849476    -2.89314    0.346445  -0.0310352  0.00766013 0.000752227 0.713937
    -1.66973     -1.5291     0.89297 -0.00744764   0.0230315 -0.00765246 0.616276
     -1.2259    -2.50492     0.31773   -0.026821  0.00966405 -0.00200299 0.533537
   -1.29328   -2.26998   0.749046 -0.0250932  0.0129464 0.00287923 0.451216
    -1.05733    -2.90677     1.38903   -0.042042  0.00465364 -0.00402645 0.365744
    -1.58538    -2.31272     1.28904  -0.0246792   0.0214614 -0.00927871 0.281958
   -1.14296   -2.25779   0.288571 -0.0278464  0.0105514 0.00190612 0.184736
   -1.11289   -2.08844    1.49128 -0.0294032 0.00467822 -0.0075873 0.101966
   -0.757405    -2.59193    0.392657  -0.0378754 -0.00266541 0.000954895 0.016996
    -1.26084    -2.48016    0.906527  -0.0355904   0.0121988 -0.00582635 -0.0666122
    -1.14154    -1.78463     1.16745  -0.0203658  0.00593866 -0.00400419 -0.164955
   -0.285233    -1.78356     1.10543  -0.0282173  -0.0133369 -0.00681558 -0.246835
   -0.194461    -2.50129   0.0879456  -0.0340283  -0.0103602 -0.00358343 -0.330799
   -0.315564    -2.73789    0.459535  -0.0356286 -0.00747573 -0.00311901 -0.415716
   -0.990192    -2.07854    0.242655  -0.0267105  0.00901986 -0.00753568 -0.512614
   -0.344495    -1.70531    0.942363  -0.0208251 -0.00418893  -0.0112453 -0.596672
  -0.0171984    -1.47473    0.523383  -0.0158599  -0.0126446 -0.00843276 -0.679045
   0.160893   -1.65358   0.513689 -0.0220052 -0.0174055 -0.0103751 -0.763889
   -0.835979    -1.92041    0.400457  -0.0235444 -0.00382977 -0.00779528 -0.847853
   -0.602999    -1.35036    0.249138  -0.0189631 -0.00247285 -0.00979372 -0.930278
   -0.394473   -0.882317    0.707687 -0.00814102  -0.0102158  -0.0123842 -1.02718
     0.19096   -0.670972    0.331208 -0.00341532  -0.0151005 -0.00997756 -1.1128
     -0.3157   -0.833261  -0.0247704  -0.0112593 -0.00272324 -0.00198352 -1.19547
   -0.375298   -0.249191    0.735716   0.0024981 0.000180413 -0.00893149 -1.2798
    -0.115438     0.176116     0.417301   0.00544118  -0.00304588 -0.000809737 -1.36319
  0.00933708      0.5219    0.745456   0.0140153  -0.0101343 -0.00769998 -1.46092
    0.503668   0.0608226   0.0681312  0.00374118  -0.0144441 0.000894244 -1.54437
  -0.447257   0.286772   0.686191  0.0029316 0.00464134 0.00502098 -1.62783
    0.0524339     0.847217      1.59874    0.0149298 -5.29396e-05  -0.00779674 -1.71094
    0.119651    0.919935     1.21774   0.0161073 -0.00833149 -0.00755769 -1.79566
   0.590096    0.71652    1.16002  0.0151612 -0.0110467 -0.0129142 -1.8931
  -0.0680964   -0.525098    0.990145 -0.00984888  0.00556704 -0.00387234 -1.97777
   -0.562573    0.113484    0.639545   0.0023506    0.012869 -0.00423899 -2.05984
    -0.12044    0.523316    0.720077   0.0167774  0.00836797 -0.00723542 -2.14414
   -0.182188    0.556903    0.808579   0.0163758  0.00904907 -0.00377197 -2.24219
  -0.0389692   -0.475992     1.36299 -0.00881768  0.00415078 -0.00644972 -2.32558
   -0.388476   -0.848643    0.654191  -0.0141232   0.0119899 -0.00549002 -2.40899
   -0.329404   -0.116865     1.37273  0.00481149  0.00879791 -0.00782077 -2.49283
  -0.558476  -0.195429    1.45169 0.00219023  0.0131553 -0.0184168 -2.59015
   -0.236308    -0.24629    0.990971 -0.00168179  0.00594137  -0.0109902 -2.67367
   -0.127605    -1.62371     0.92179  -0.0285827  0.00699773 -0.00464427 -2.75718
   -0.329872     -1.1218    0.521743  -0.0181442   0.0126836 -0.00601103 -2.84067
  -0.124438    -1.2795    1.58658 -0.0159338  0.0138808  -0.021435 -2.9389
   0.225021   -1.04573     1.8383 -0.0170738 0.00208022 -0.0144369 -3.02229
    0.365647    -2.39962    0.856755   -0.042497  0.00712298 -0.00630865 -3.1064
  0.0449624   -2.07413    1.24076 -0.0352901  0.0105823 -0.0107372 -3.18913
   0.0444256    -1.83196    0.876172  -0.0321981   0.0107323 -0.00595561 -3.27394
    0.640149    -2.08977    0.762935  -0.0294066 -0.00266142  -0.0107136 -3.35763
      1.09955     -3.05716     0.741275   -0.0514361   -0.0088988 -0.000619267 -3.45549
     0.895018     -3.61512     0.645858   -0.0573638  -0.00575047 -0.000680674 -3.53816
    0.281981    -3.35027     1.32106  -0.0476973 -0.00192201 -0.00417157 -3.62257
    0.519577    -2.83058    0.871763  -0.0366016 -0.00107274 -0.00658938 -3.70601
    0.725366     -2.7401     1.11713  -0.0332473 -0.00708329 -0.00585981 -3.78913
     1.13971    -3.32186    0.470201  -0.0450568  -0.0157459 -0.00295427 -3.88732
    0.409262    -3.07466    0.488161  -0.0431318 -0.00372114 -0.00888261 -3.97073
     0.14263    -3.25441    0.573438  -0.0435679 -0.00171366  -0.0032557 -4.05419
    0.206745    -2.49299    0.626779  -0.0279016 -0.00665645 -0.00480735 -4.13749
    1.38822   -3.34303  0.0758318 -0.0405009 -0.0273534 -0.0079691 -4.2363
    0.739005    -3.17664    0.427953  -0.0384217  -0.0157669 -0.00836268 -4.31917
    0.615381    -2.36867     1.12119  -0.0285675 -0.00949689   -0.011769 -4.40341
    0.332397    -2.05219    0.379311  -0.0228128  -0.0128729 -0.00912759 -4.48692
     1.17998    -2.36861    0.687534  -0.0239119  -0.0241708 -0.00877596 -4.57098
    1.12215   -2.41419   0.729017 -0.0290471 -0.0242558 -0.0109513 -4.64516
     1.17988    -2.12109    -0.13253  -0.0187553  -0.0195845 -0.00389404 -4.572
     1.11826    -2.50958    0.647495  -0.0276465  -0.0200305 -0.00830058 -4.64778
      1.329   -2.55763    0.38759 -0.0267179 -0.0235364 -0.0122931 -4.59777
   0.0959464    -2.38543    0.210623  -0.0243946 -0.00634071  -0.0073122 -4.49159
    0.317473    -2.74617     1.03972   -0.035921 -0.00355363 -0.00700172 -4.41034
    0.706649    -3.37259   0.0151146  -0.0473419  -0.0153677 -0.00161287 -4.32596
    1.24525   -3.02493  -0.123117 -0.0375798  -0.024191 -0.0124911 -4.22847
    0.496968    -2.56091    0.539947  -0.0278198 -0.00436067 -0.00654767 -4.14569
     0.17546    -3.13127    0.489033  -0.0399753 -0.00328361 -0.00538954 -4.06222
    0.461651    -3.61296    0.850815  -0.0482464 -0.00452099 -0.00349303 -3.96361
    0.991851    -3.52944     1.00818  -0.0560722  -0.0190455 -0.00395986 -3.88056
    0.201897    -2.56075    0.919298  -0.0270069  -0.0013558 -0.00639998 -3.79184
    0.136548    -2.82058    0.634881  -0.0418743  0.00135483 0.000358599 -3.71322
   0.367597   -3.40114   0.824962 -0.0488102 0.00337084 -0.0028203 -3.61563
     1.00873    -3.57499    0.689899   -0.055692 -0.00815547   0.0052603 -3.5313
    0.900766    -2.57578    0.128822  -0.0369901 -0.00693262 0.000942125 -3.44777
    0.309646    -1.83864    0.786271  -0.0302118  0.00163814 -0.00021141 -3.3648
    0.156219    -2.07143     1.20447  -0.0359447   0.0100395 -0.00306707 -3.28007
  -0.071898   -2.20385   0.867473 -0.0388329 0.00431185 0.00107218 -3.19668
    0.488685    -2.15041     0.64743  -0.0366199 -0.00192867 -0.00302123 -3.09922
     0.17105   -0.757762     0.64233 -0.00889465  0.00730543  -0.0112254 -3.01513
    -0.53137   -0.580618    0.658577 -0.00529434   0.0109017 -0.00536225 -2.93072
   -0.708177   -0.555485     1.57275 -0.00506186   0.0126606  -0.0133864 -2.84738
   -0.212407    -1.84819    0.666209  -0.0335916  0.00641001 -0.00516357 -2.74956
  -0.259751  -0.150832   0.779565 0.00380105 0.00369647 -0.0126975 -2.66756
   -0.508566  0.00881452     1.34288  0.00296987   0.0161344 -0.00931386 -2.58087
   -0.713837   -0.278391    0.925847 -0.00173131    0.019002 -0.00503599 -2.49921
   -0.945482   -0.863662     1.15954  -0.0126295   0.0155994 -0.00569733 -2.41539
  -0.0333781   -0.113833     0.90989  0.00337796 0.000736788 -0.00294916 -2.31868
  -0.301211   0.545655    1.63932  0.0149506  0.0111624 -0.0113942 -2.23513
  -0.298561  0.0753968    1.00301  0.0102279  0.0135337 -0.0106488 -2.15087
   -0.621986   -0.349592    0.751358  0.00121965   0.0119388 -0.00093482 -2.06677
   -0.183359   -0.508195     0.98895 -0.00412816  0.00179737  0.00124856 -1.98423
    0.358186    0.200524    0.772377   0.0185226 -0.00939333 -0.00737302 -1.89906
  -0.0546295    0.948555    0.597059   0.0273697 -0.00212174 -0.00346419 -1.81645
   -0.235394    0.194215    0.833322   0.0166006  0.00559744 -0.00563659 -1.71822
    -0.84827   -0.631944     1.11076 -0.00417856  0.00997177  -0.0117325 -1.63502
    0.120568   -0.850319     1.00296 -0.00873187 -0.00978602 -0.00647117 -1.55139
    0.213878    0.107222    0.523297   0.0124086  -0.0107859 -0.00573231 -1.46726
   -0.143278   -0.181422     1.35611  0.00297331 -0.00857389 -0.00613989 -1.38377
    -0.404017    -0.659878     0.351597 -0.000316313  -0.00435528  0.000694661 -1.30103
  -0.279336   -1.22667   0.946973 -0.0147005 -0.0136105 -0.0108894 -1.21673
  -0.0180803   -0.890731     0.99453  -0.0061784  -0.0179661 -0.00533565 -1.11912
   -0.397234    -1.07477    0.291613 -0.00808731 -0.00867802 -0.00469758 -1.03571
    -0.672601     -1.40122      1.53997    -0.010239 -0.000517507  -0.00621902 -0.952479
    -0.46136    -2.52459     1.00498  -0.0347525  -0.0092745 -0.00648158 -0.867844
   0.0708261    -1.76506    0.844506  -0.0206392  -0.0188947 -0.00696961 -0.783974
   -0.307271    -1.53139    0.604697  -0.0106671 -0.00900047  -0.0112644 -0.690491
   -0.556152    -1.89245     1.07266  -0.0240933 0.000409683  -0.0055902 -0.603563
  -0.849475   -2.57365   0.605826  -0.036331 0.00171149 0.00152343 -0.519033
   -0.291592     -2.7972    0.836301  -0.0394685  -0.0067793 -0.00185025 -0.435456
    -0.373116     -2.03044      0.39743   -0.0306123   -0.0107495 -0.000411449 -0.341502
   -0.287295    -2.00015    0.397259  -0.0235582 -0.00656689 -0.00113701 -0.255014
    -0.877838     -2.20853     0.944649   -0.0268618    0.0013083 -0.000888768 -0.171164
      -1.2062     -3.06194     0.688291   -0.0465581    0.0122429 -5.83938e-05 -0.0861215
   -0.615204    -2.27157     1.22919  -0.0295228  0.00372795 -0.00990739 -0.00372802
    -1.17017    -1.98129    0.625947  -0.0279761  0.00882779 -0.00361983 0.0797336
    -1.05275    -2.55898     1.06163  -0.0334565  0.00699633 -0.00812887 0.163939
    -1.32053    -2.57622    0.657883  -0.0355458   0.0137628 -0.00195404 0.247631
  -0.855897   -2.40775    1.60877 -0.0310486 0.00851921   -0.00678 0.345146
   -0.704327    -2.04372     1.11392  -0.0244342  0.00560074 -0.00676358 0.428032
   -0.763143    -2.37734    0.939964  -0.0260839  0.00866719 -0.00634958 0.512561
    -1.35356    -1.86016     1.58807  -0.0132986   0.0208401 -0.00957603 0.595834
   -0.649034    -2.84469    0.762644  -0.0300639  0.00808385 -0.00053313 0.679862
     0.117648     -2.16152     0.266381   -0.0214047  -0.00352088 -0.000323948 0.776947
   -0.20025   -2.31483  0.0559458 -0.0224314 0.00185389 -0.0053265 0.86198
   -0.236017    -2.08506    0.647496  -0.0145613  0.00468237 -0.00341468 0.944604
  -0.0537837    -1.85246    0.932444  -0.0109777 0.000993057  -0.0141566 1.02831
    0.298307    -2.19399    0.627467  -0.0176218 -0.00457077  -0.0114933 1.12561
    0.619849     -2.5868     1.10736  -0.0218606 -0.00930616  -0.0152002 1.21004
    0.651362    -1.78764    0.300627  -0.0142035 -0.00941057  -0.0102829 1.29422
   0.331917   -1.94932   0.588381 -0.0180166  -0.006565 -0.0166315 1.37711
   0.914389    -2.4973   0.774453 -0.0288754 -0.0186816 -0.0103704 1.46056
   0.888772   -2.08985    1.11057  -0.016326 -0.0236496 -0.0107144 1.54454
    0.469225    -2.44611     1.40945  -0.0256036 -0.00892678  -0.0125715 1.62772
    0.651454    -2.02078    0.459161  -0.0164758  -0.0146049 -0.00618247 1.72532
    0.652383    -3.15684    0.262951  -0.0368955  -0.0135261 -0.00914116 1.81
    0.885355    -3.09695    0.387275  -0.0406468  -0.0198873 -0.00634201 1.89305
    0.356097    -2.92361    0.774877  -0.0357921  -0.0128782 -0.00684307 1.97608
    0.474874    -2.13932    0.586162  -0.0261678  -0.0171888 -0.00372264 2.0747
   0.0854811    -2.98836     1.28273  -0.0402928 -0.00444803 -0.00919414 2.15736
   0.849969    -3.5637   0.218142 -0.0521392 -0.0185302 0.00121343 2.24256
   0.527127    -3.4821    1.05227 -0.0473735 -0.0102092 -0.0104458 2.3254
     0.79038    -3.16129     1.09935  -0.0471885  -0.0216984 -0.00254321 2.40875
   0.0909351    -2.84972    0.289079  -0.0407194 -0.00645068 -0.00453167 2.49366
    0.460618    -3.38706    0.818627  -0.0514624 -0.00651098 -0.00136488 2.5904
  0.0440435   -3.22322   0.673767 -0.0535832 0.00115116 0.00576947 2.67466
    0.221774     -2.3656     1.43449  -0.0372531 -0.00554764  0.00163503 2.75765
    0.399308    -2.36583     1.01629  -0.0380323 -0.00621147  0.00156384 2.84229
   0.132574    -2.5985   0.730152 -0.0458159 0.00277373  0.0012781 2.92566
    0.129837    -2.98902     1.34402  -0.0567948 -1.4055e-05 -0.00064357 3.02265
    0.165352    -1.61811    0.874877  -0.0265662  0.00314171 -0.00349445 3.10604
    0.105009    -1.56385     2.03717  -0.0282053 0.000510679   -0.010783 3.1903
  -0.134582   -1.15451    1.39724  -0.021879  0.0167076 -0.0102475 3.27369
   -0.53841   -2.01455    1.45749 -0.0381019  0.0125009 -0.0114262 3.35661
  -0.563351   -1.16764    1.35094 -0.0218022 0.00973199  -0.010749 3.45433
  -0.562982    -1.1988    1.84436 -0.0179169  0.0120561 -0.0179436 3.53831
   -0.778532    -1.00744     1.57643  -0.0164385   0.0195157 -0.00526059 3.62293
   -1.06456   -1.03941     1.5306 -0.0138788  0.0232485 -0.0136757 3.70639
   -0.922931   -0.192325    0.977595 0.000319053   0.0257764 -0.00394623 3.78845
   -0.563993   -0.883567     1.81173 -0.00951007   0.0149728  -0.0177473 3.88732
   -0.623524   -0.124583     1.25601  0.00139784   0.0141959 -0.00766554 3.97138
   -0.945595   -0.653563     1.49471 -0.00497688   0.0184387  -0.0106611 4.05545
     -1.1487    -0.36545     1.17355 -0.00154509   0.0231496  -0.0121447 4.13867
   -0.27019   0.093885    1.74717   0.013131  0.0108803 -0.0140933 4.22139
   -0.52921  -0.366007    1.52788 0.00450883 0.00630197 -0.0104621 4.30575
  -0.466918 0.00642393    1.40893  0.0091413  0.0050023 -0.0138159 4.40346
   -0.593227    -0.36635    0.957217  0.00245637   0.0132748 -0.00389793 4.48742
  -0.0651768   -0.198913     1.48878  0.00485203  0.00350622 -0.00758284 4.57089
    -0.29451   -0.816362     1.01673 -0.00767481  0.00104503 -0.00526678 4.64503
  -0.266183   0.155131    1.41542 0.00741506 0.00117921 -0.0074949 4.57252
   -0.316788    -0.76003    0.927192 -0.00386303 -0.00122761  -0.0104182 4.63474
   -0.235606    0.224204     1.04181   0.0141083  3.8578e-05 -0.00233826 4.56249
   -0.622514   -0.496109     1.98741 0.000175304   0.0116496  -0.0133644 4.47052
  -0.208037  0.0479985    1.78388 0.00593497 0.00183977 -0.0126554 4.37112
   -0.594248   -0.780885     1.73217 -0.00319758   0.0113685 -0.00919175 4.28739
   -0.592512   -0.021123    0.799882  0.00967493    0.016245 -0.00541919 4.20352
   -0.889436   -0.484666     1.70768 -0.00242879   0.0195856  -0.0114393 4.11999
    -0.309058    0.0483535      1.88519 -0.000907684     0.012906  -0.00814189 4.03636
  -0.534658  -0.807634    2.02133 -0.0137535 0.00803112 -0.0144872 3.93929
     -0.82572     -0.24922       1.2942 -0.000166114    0.0198787   -0.0156722 3.84266
    -1.12771    -1.12232     1.53675  -0.0226717   0.0233562 -0.00902617 3.75332
   -0.596705   -0.624398     1.53414 -0.00627348    0.016797  -0.0111998 3.67364
  -0.359048   -1.31042    1.63215 -0.0187208 0.00675983  -0.010863 3.59012
   -0.30343   -1.14634    1.63974 -0.0189676 0.00866626 -0.0103653 3.49283
   -0.630117    -1.69422     2.17514   -0.035052  0.00865543 -0.00837538 3.40835
   -0.478891    -1.52772     1.42677  -0.0291363  0.00690198 -0.00582239 3.32457
   -0.244241     -1.4818      1.0089  -0.0234227  0.00944992 -0.00620678 3.24152
    0.0188753      -1.6487      1.74551   -0.0308294 -0.000822121  -0.00784413 3.14423
    0.253546    -2.53387     1.22074  -0.0426999  0.00206632 -0.00984805 3.06004
    0.341893    -2.55232     1.71473  -0.0455099  -0.0103863 -0.00415848 2.97585
    0.109586    -2.34882     1.30847  -0.0413392 1.24591e-05   -0.010237 2.87885
    0.634024    -2.43398     1.42261  -0.0372169 -0.00939688 -0.00283815 2.7952
    0.484521     -3.0808     1.32998  -0.0520899 -0.00220003 -0.00589832 2.71178
      0.9855    -3.05138     1.52389  -0.0471856  -0.0143756 -0.00451924 2.62792
    0.639757    -2.86925    0.659602  -0.0410234 -0.00807435 -0.00382039 2.54428
     1.0302   -3.12204    1.46044 -0.0415253 -0.0254254 -0.0120425 2.46117
     0.49606    -3.03146    0.985771  -0.0455709  -0.0091539 -0.00901329 2.36285
     1.08883    -3.35994    0.503092  -0.0473776  -0.0226443 -0.00655044 2.27938
   0.502699    -2.8147    1.23029 -0.0364695  -0.014706 -0.0128755 2.19529
     1.03055     -2.1237    0.825257  -0.0242163  -0.0197405 -0.00986861 2.10208
    0.706966    -2.89178    0.522635  -0.0364009  -0.0140107 -0.00737506 2.02825
    1.01087   -3.06291       0.83   -0.03638 -0.0235848 -0.0196799 1.94457
   0.795161    -2.9102    1.51102 -0.0331212 -0.0158932 -0.0168097 1.84429
     1.08522    -1.95111    0.915707  -0.0202681  -0.0162373 -0.00930181 1.76368
   0.616819   -2.26133    1.32834 -0.0243604 -0.0113652 -0.0130363 1.67972
   0.824979   -2.16447    1.19848 -0.0182454 -0.0148491 -0.0135276 1.58166
    1.08991    -2.4639    1.06114 -0.0259868  -0.016723 -0.0171795 1.49721
   0.591675   -1.59387    1.87872 -0.0120737 -0.0159272 -0.0180159 1.40016
   0.887981   -1.76281   0.914848 -0.0154891 -0.0157344 -0.0173116 1.31469
   0.622836   -2.15199    1.32362 -0.0201439 -0.0169879 -0.0143963 1.233
    0.295681    -2.33845    0.916311  -0.0214074 -0.00165187  -0.0149034 1.14852
    0.205949    -1.43398     1.89483 -0.00735748 -0.00755319  -0.0138205 1.05214
   -0.234704    -1.50113     1.07386 -0.00153472  0.00691642  -0.0104066 0.967851
   -0.118624     -2.5835     1.87259  -0.0263626 -0.00130204  -0.0144403 0.88529
   -0.139753    -2.28619     1.62328  -0.0201327 -0.00773516  -0.0149062 0.801494
  -0.551582   -2.59341   0.962895 -0.0242982 0.00706992 -0.0158926 0.716807
   -1.20736    -1.6418    1.50919 -0.0104755  0.0230931 -0.0129141 0.63479
    -0.82061    -2.48147     1.10214  -0.0274926  0.00862078 -0.00893759 0.53605
   -0.855891    -2.36829     1.73294  -0.0273346  0.00973921 -0.00842752 0.453332
    -1.02998    -2.65058    0.943147  -0.0382297   0.0112545 -0.00381094 0.368477
    -1.52655    -1.80457     1.21939  -0.0190654   0.0208867 -0.00914803 0.284859
    -1.16674    -2.34593     1.35399  -0.0263894  0.00404505 -0.00934967 0.191616
     -1.2046    -2.00355     1.37558  -0.0281022   0.0110907 -0.00654104 0.104018
  -0.844624   -2.58862    1.92216  -0.036481 -0.0015453 -0.0165033 0.0250385
   -1.38541   -2.17704    1.87515 -0.0286013    0.02021 -0.0118932 -0.0593552
   -1.38132   -2.18139    2.07747 -0.0306797  0.0135904 -0.0133374 -0.143016
   -0.428553    -2.03489     1.09646  -0.0279243 -0.00880106  -0.0131664 -0.228509
    -0.37997     -2.3699    0.973402  -0.0309624 -0.00131965 -0.00625712 -0.310484
   -0.521164    -2.46425     1.54623  -0.0336599 -0.00468525  -0.0148926 -0.409517
  -0.967335   -2.23674    1.31938 -0.0277956 0.00997576  -0.011383 -0.491293
   -0.521025    -2.11544     1.55457  -0.0250141 -0.00330161  -0.0151488 -0.576692
  -0.195924   -2.03477    1.46568 -0.0259458 -0.0092626 -0.0170551 -0.659253
 -0.0415605   -1.62767     1.1747 -0.0162152  -0.019913 -0.0137499 -0.742474
  -0.782264   -2.13856   0.978734 -0.0305946  -0.003045 -0.0104384 -0.840575
   -0.222856    -1.32498     1.60537  -0.0106155 -0.00982239     -0.0185 -0.925346
  -0.329598   -1.55727   0.638491 -0.0136356 -0.0125996   -0.01822 -1.00835
   -0.106351    -1.04544     1.23995 -0.00725435  -0.0151373 -0.00914416 -1.09201
   -0.466756     -1.3088     1.58234  -0.0200109 -0.00475128 -0.00982645 -1.17592
   -0.289115   -0.704319     1.05376 -0.00206059 -0.00379509  -0.0065975 -1.27355
 -0.0480618   0.108752    1.43609 0.00906584 -0.0119583 -0.0142631 -1.35773
   -0.169918    0.255817      1.0335   0.0142782 -0.00485197 -0.00802317 -1.44098
  -0.0524712   -0.478327    0.765849 -0.00605402  -0.0107407  -0.0046449 -1.52442
   -0.761039  -0.0708009     1.45622  0.00254498  0.00404315 -0.00912516 -1.622
    -0.25373    0.704363     1.16728   0.0180865 -0.00287004  -0.0168198 -1.70548
    -0.197491      1.02968     0.886743    0.0293228 -0.000281067   -0.0114896 -1.78927
    0.613889    0.193275     1.27471   0.0107855 -0.00570325   -0.012091 -1.87301
    -0.122897    -0.344724      1.65135  -0.00164065 -0.000160963  -0.00729814 -1.95726
  -0.236333   0.271523    1.58223  0.0109109 0.00652556 -0.0158905 -2.05431
    -0.17932    0.719539     1.67782   0.0175457  0.00196612 -0.00985482 -2.1375
  -0.266294   0.766427    1.51478  0.0165036 0.00415942 -0.0110733 -2.22169
 -0.00628105   -0.660299     1.22936   -0.010809 0.000480908 -0.00617297 -2.30576
   -0.568835   -0.538684     2.03309 -0.00359247   0.0153589  -0.0128968 -2.38922
  -0.357737  -0.242551    1.74094 0.00186555 0.00770221 -0.0121606 -2.48705
    -0.71645   -0.191109      2.2955 -0.00247012   0.0163336  -0.0140301 -2.57018
   -0.125168   -0.626902     1.97782 -0.00911506 -0.00123948 -0.00785652 -2.65387
   -0.606023    -1.77332     1.92963  -0.0328971   0.0177853 -0.00775761 -2.73774
   -0.834768   -0.975272      1.7408  -0.0155246   0.0195642 -0.00951218 -2.82123
   -0.623582   -0.923611     1.35988  -0.0159321   0.0125666 -0.00971797 -2.91974
   0.0276197   -0.980007     1.75062  -0.0103446 -0.00130733  -0.0157001 -3.00235
    0.139098    -2.01731      1.1506  -0.0335191  0.00160926 -0.00965289 -3.08633
   -0.07239   -1.73758    2.24389 -0.0300857 0.00661968 -0.0149381 -3.16955
   -0.257838    -1.63665     1.76619  -0.0327069   0.0134688 -0.00190263 -3.25306
   0.111641   -1.53937    1.32505 -0.0184366 0.00176588 -0.0107088 -3.35119
   0.612184   -2.66141    1.57354 -0.0402513 -0.0106952 -0.0136414 -3.43632
   0.365317   -2.57318    2.13272  -0.042309 0.00293421   -0.01454 -3.518
   0.0460701    -2.81872     1.96261  -0.0445487 -0.00155266 -0.00694378 -3.6018
    0.282703    -2.46697     2.00483    -0.03257 0.000337871  -0.0136391 -3.68623
    0.841918    -2.55362    0.627459    -0.03958 -0.00668334 -0.00460402 -3.78407
   0.766277   -3.10704   0.846388   -0.04276 -0.0165432 -0.0113829 -3.8682
    0.169084    -3.43248     1.68903  -0.0530773 -0.00472943  -0.0111086 -3.95097
   0.0857831    -2.82088     1.12199  -0.0391366  -0.0027953 -0.00997124 -4.0344
    0.47311   -2.54616    1.52581 -0.0256216 -0.0123882  -0.015241 -4.11913
    1.03533   -3.08657    1.00026 -0.0386254 -0.0196738 -0.0200396 -4.21614
    0.495988    -3.08315     1.23074  -0.0403598  -0.0138193 -0.00437657 -4.29997
    0.587199    -2.74474    0.819554  -0.0291058  -0.0112508 -0.00633736 -4.38308
    0.501953     -2.0468     1.12587  -0.0173162 -0.00955094  -0.0128801 -4.46709
    1.07182   -2.06525    1.88474  -0.015574 -0.0298422 -0.0254206 -4.55045
    0.83112   -2.47505    1.55495 -0.0231832 -0.0219392 -0.0189249 -4.63368
     1.0694    -2.0715     1.4749 -0.0184149 -0.0236159 -0.0253129 -4.57995
   0.883774   -2.51634    1.31296 -0.0282973 -0.0190073 -0.0133527 -4.62094
   0.789903   -2.54799    1.94207 -0.0346296 -0.0199824 -0.0112422 -4.63132
   0.708211   -1.99921   0.668461 -0.0198145  -0.012393 -0.0104379 -4.52916
    0.327925    -2.49819     1.03263  -0.0259883 -0.00541892  -0.0176303 -4.42755
   0.441262   -2.78284     2.3094 -0.0341168 -0.0165045  -0.017128 -4.34375
   0.793832    -3.0881    1.38471 -0.0391981 -0.0148639 -0.0160163 -4.25133
    1.08606   -2.77432    1.38804 -0.0315826 -0.0166423 -0.0159921 -4.16222
  0.0618035   -2.92645     1.2359 -0.0350281 -0.0083047 -0.0105135 -4.07861
    0.287213    -3.17935     1.65003  -0.0444187  -0.0084146 -0.00767335 -3.99548
    0.25948   -2.65179    1.29116 -0.0366286 -0.0031914 -0.0108106 -3.91142
    1.05565   -3.04257    1.54955 -0.0416851 -0.0206373 -0.0136319 -3.81426
    0.252841    -2.48303     1.96457  -0.0340098 -0.00263221 -0.00900303 -3.73015
    0.247476    -3.23921     1.45504  -0.0476325  0.00635083 -0.00737231 -3.64607
    0.364063    -2.91141     2.00141  -0.0487544 -0.00193808 -0.00663914 -3.56332
    0.819125    -2.63465    0.824498  -0.0394231  -0.0153696 -0.00566468 -3.46533
    0.225102    -1.60916     2.23417  -0.0182262 -0.00202602  -0.0125168 -3.38218
     -0.2449    -1.59264     1.21399  -0.0276534  0.00969493 -0.00881896 -3.29758
  -0.358843   -1.55848    2.03848 -0.0225898  0.0108836 -0.0206931 -3.21386
   0.394796   -1.94156    1.40589 -0.0351449 0.00546271 -0.0100314 -3.11711
   0.110251   -1.07758    1.71212  -0.015243 0.00648991 -0.0190245 -3.0328
  -0.301512  -0.946937    2.38607 -0.0134882  0.0110515 -0.0230537 -3.00524
  -0.625362  -0.827397    2.27314  -0.012527  0.0155542 -0.0198545 -3.00524
  -0.421323   -1.02165    2.39032 -0.0187561  0.0104845 -0.0183823 -3.00524
  -0.478099  -0.871724     2.1438 -0.0108181  0.0134738 -0.0186508 -3.00524
  -0.352981   0.224779     2.4092 0.00920986 0.00868992 -0.0269495 -3.00524
  -0.884066   0.188773    2.29896  0.0050701  0.0120352 -0.0173789 -3.00524
    -0.21144   -0.466271     1.93846 0.000870471   0.0117186  -0.0202921 -3.00524
   -0.648645   -0.596123     2.23081 -0.00605324  0.00941005  -0.0194639 -3.00524
 -0.0650108 -0.0764574    1.65825 0.00290814 0.00659874 -0.0143447 -3.00524
  -0.352598   0.990368    2.05677  0.0235965 0.00562345 -0.0181857 -3.00524
   -0.32958   0.595164    1.72286   0.015306  0.0105973 -0.0126693 -3.00524
  -0.415398  -0.142401    2.03328 0.00194137 0.00299275 -0.0109362 -3.00524
    0.0270269    -0.197078      1.93837 -0.000665109  -0.00496711   -0.0125275 -3.00524
   0.318752   0.363676    1.74083  0.0161871 0.00247799  -0.017749 -3.00524
  -0.0329781    0.704105     1.79853   0.0187593 0.000985935  -0.0116125 -3.00524
    0.180394    0.521692     1.77958   0.0187639 -0.00723227  -0.0165993 -3.00524
   -0.446166   -0.201891     2.07604 -0.00192277  0.00502205  -0.0122073 -3.00524
   -0.135941   -0.387156       1.135  0.00144256 -0.00762312  -0.0151819 -3.00524
    -0.345128      0.52549      1.41483    0.0196391 -8.29057e-05   -0.0150481 -3.00524
   -0.46756  -0.165038    1.44636 0.00655591 0.00568699 -0.0142854 -3.00524
  -0.0829212   -0.500586     2.25396 -0.00342446  -0.0131628  -0.0153407 -3.00524
  0.0381542   -1.25212    2.26767 -0.0122598 -0.0121694 -0.0241478 -3.00524
   -0.404333   -0.695766     2.54282 -0.00679872 -0.00684536   -0.022472 -3.00524
   -0.133232    -1.06736     1.98013 -0.00470166  -0.0126328  -0.0223245 -3.00524
   -0.396985    -1.22454     1.77462 -0.00916796 -0.00899461   -0.020976 -3.00524
   -0.461275    -2.04945     1.71924  -0.0238963 -0.00405178  -0.0185765 -3.00524
  -0.166388   -2.40044    1.95139 -0.0333277  -0.013253 -0.0198419 -3.00524
  -0.135725   -1.31688    1.85419 -0.0153584 -0.0164187 -0.0156906 -3.00524
   -0.488399    -1.89561      2.2582  -0.0200347 -0.00772279  -0.0224291 -3.00524
  -0.527591   -2.06203    2.80402 -0.0266729 -0.0025496 -0.0210841 -3.00524
  -0.994449   -2.69132    2.54646 -0.0406606 0.00735137 -0.0274392 -3.00524
  -0.499579   -2.31848    2.05461 -0.0319725 0.00309763  -0.018513 -3.00524
  -0.459191   -2.08919    2.45987 -0.0255149 -0.0112142 -0.0221618 -3.00524
   -0.435232    -2.10396     1.80429  -0.0270081 -0.00519058  -0.0147833 -3.00524
   -1.23651   -2.61098    2.23103 -0.0392148  0.0084136  -0.010212 -3.00524
   -1.43102   -2.56584    1.97585  -0.038932  0.0101073 -0.0216947 -3.00524
   -0.700944    -2.36554     1.59838  -0.0335914 0.000690514  -0.0134225 -3.00524
  -0.849704   -2.16553    1.52473 -0.0245811 0.00845572 -0.0135386 -3.00524
  -0.939336   -2.36507     1.8959 -0.0314566 0.00877289 -0.0157354 -3.00524
   -1.47054   -2.67238    1.86015 -0.0361873  0.0183027 -0.0129443 -3.00524
   -0.87548   -2.55672    1.38651 -0.0300856 0.00625627 -0.0145742 -3.00524
   -1.09037   -1.97601    2.49292 -0.0258846  0.0112436 -0.0159268 -3.00524
  -0.668779   -2.36729    1.79846 -0.0240275 0.00460539 -0.0214093 -3.00524
   -1.44368   -1.92576    2.29358 -0.0165171  0.0250802 -0.0184702 -3.00524
    -1.0874   -2.47907    2.72195 -0.0267137  0.0135204 -0.0237038 -3.00524
    -0.264385      -2.5449      2.37214   -0.0288132 -0.000439557   -0.0208062 -3.00524
 -0.0264178   -2.07085    2.70791  -0.024136 -0.0119733 -0.0205339 -3.00524
   -0.32269   -2.43621    2.58095 -0.0218765  0.0051398  -0.027014 -3.00524
   -0.468786    -1.58945     2.31578 -0.00555268  0.00933621  -0.0248736 -3.00524
  -0.295345   -1.98595     3.0093 -0.0193772  0.0021991 -0.0269483 -3.00524
    0.475127    -2.13862     1.90582  -0.0172961 -0.00984653  -0.0240143 -3.00524
   0.360605   -2.23839    2.23229 -0.0172464 -0.0133831 -0.0253683 -3.00524
   0.391199   -1.61798    2.04164 -0.0122511 -0.0113558  -0.028581 -3.00524
 -0.0847236   -2.51359    2.07602 -0.0280429 0.00130811 -0.0276551 -3.00524
    0.83185   -2.21523    2.14027 -0.0213984  -0.020388  -0.028649 -3.00524
   0.507081   -2.05421    1.69827 -0.0174025 -0.0126588 -0.0232156 -3.00524
    0.322521    -2.23538      2.3276  -0.0240646 -0.00963434  -0.0197481 -3.00524
   0.478906   -2.00246     2.0294 -0.0163082 -0.0167741 -0.0232724 -3.00524
    0.326251    -2.88682     1.64513  -0.0362624 -0.00934073  -0.0195728 -3.00524
   0.740357   -3.36284    1.74407 -0.0424946 -0.0192107 -0.0217478 -3.00524
   0.418799   -2.78734    1.55691  -0.030057 -0.0159255 -0.0175376 -3.00524
   0.793524    -2.6863    2.42917 -0.0335911 -0.0188139 -0.0223636 -3.00524
    0.179429    -3.11431     1.84902  -0.0412558 -0.00814966  -0.0213093 -3.00524
   0.469915   -3.32272    2.21309 -0.0448715 -0.0114969 -0.0227923 -3.00524
    0.322161    -3.47741      2.0479  -0.0479821 -0.00786836  -0.0214572 -3.00524
   0.760061   -3.42551    1.54828 -0.0504771 -0.0154568 -0.0127458 -3.00524
   0.641638   -3.01944    2.22372  -0.043447 -0.0138646 -0.0176594 -3.00524
    0.256676    -3.10749     2.23303   -0.045325 -0.00445084  -0.0169705 -3.00524
   0.366298   -3.46175    2.14915 -0.0567933 -0.0013595 -0.0128031 -3.00524
    0.247147    -2.47185     3.33652  -0.0387393 -0.00193961  -0.0183932 -3.00524
    0.346141    -2.37734     2.16743  -0.0367744 -0.00744454  -0.0164002 -3.00524
     0.423372     -2.40718      3.21082   -0.0383854 -0.000704908   -0.0218152 -3.00524
    0.304799     -2.4723     2.05684   -0.043596 0.000544971 -0.00814326 -3.00524
  0.0645269   -2.21007    3.10804 -0.0396186 0.00851577 -0.0163558 -3.00524
 -0.0441992   -1.65589    2.61933 -0.0308478 0.00163305 -0.0128884 -3.00524
  -0.105672   -1.15649    3.58766 -0.0232349 0.00824414 -0.0253747 -3.00524
   -0.53811   -1.40437    2.46453 -0.0255856  0.0149875 -0.0239586 -3.00524
  -0.510505   -1.75874    2.45615 -0.0301209  0.0134372 -0.0202591 -3.00524
   -0.39886    -1.2238    2.84769 -0.0250329  0.0173209 -0.0230186 -3.00524
  -0.710548   -1.33429    2.54828 -0.0243248  0.0119534 -0.0235353 -3.00524
   -0.562395   -0.417202     2.27792 -0.00555495   0.0131209  -0.0236339 -3.00524
   -1.15237   -1.06932    2.44071 -0.0154611  0.0244136 -0.0243273 -3.00524
   -0.775175   -0.189376     2.58507 0.000966347   0.0210265  -0.0203039 -3.00524
   -0.477495    -0.64701     3.14111 -0.00791334   0.0157396  -0.0330577 -3.00524
  -0.562438 -0.0612227    2.45103 0.00659742  0.0141376 -0.0238678 -3.00524
   -0.455866  -0.0852922     3.20665 -0.00185078   0.0174944  -0.0251358 -3.00524
  -0.888845   0.323815    2.84454  0.0101171  0.0197441 -0.0239729 -3.00524
  -0.685735   0.160492    2.96407 0.00273428  0.0146362 -0.0216449 -3.00524
   -0.566357    -0.28287     3.19462 -0.00115409   0.0149011  -0.0290696 -3.00524
  -0.125055   0.296899    2.82727  0.0117634 0.00655517 -0.0227136 -3.00524
  -0.504781  0.0738138    3.15733  0.0082831 0.00699322 -0.0231183 -3.00524
   -0.176579    0.295261     2.36627  0.00901108 0.000905859    -0.02158 -3.00524
   -0.319003   -0.198963     2.22668  0.00212134 0.000629761  -0.0238666 -3.00524
   -0.145179   0.0733518     2.72892  0.00676157 -0.00290142  -0.0247271 -3.00524
   -0.171697   0.0622851     3.05591  0.00880404 -0.00931637  -0.0239885 -3.00524
   -0.168706 -0.00203662     1.81124  0.00690856 -0.00435372  -0.0205191 -3.00524
   -0.168741  0.00674612     1.93437   0.0111117 -0.00430583  -0.0204838 -3.00524
   -0.235453  -0.0217464     3.43391  0.00271305 -0.00455363  -0.0269137 -3.00524
  -0.0783521   0.0165408     2.21968   0.0104251 -0.00527855  -0.0277996 -3.00524
  -0.168393    0.16202    2.80726 0.00879275 -0.0103404 -0.0252822 -3.00524
 -0.00232935     0.24588     3.06769  0.00245794 -0.00720126  -0.0226889 -3.00524
  0.0613773   0.203989    2.93268   0.012483 -0.0107939 -0.0218747 -3.00524
  -0.0552551    0.417117     3.19022  0.00708098 -0.00775474   -0.029897 -3.00524
    0.201174    0.265896     3.23064   0.0066132 -0.00308128  -0.0285971 -3.00524
    0.144211    0.273031     2.98166  0.00808018 -0.00492585  -0.0247686 -3.00524
