 -8.00651 -8.69386  918.622 0.155478 0.272391 -9.74935 4.54727
 -8.09964 -9.34463   1029.7 0.160823 0.288105 -10.8193 4.54727
  -7.8318 -10.7995  1155.48 0.158851 0.306364 -12.0317 4.54727
 -8.03636  -9.5192  1004.44 0.159109 0.282112 -10.5817 4.54727
 -6.30464 -14.8318   1400.7  0.16196 0.291373 -14.4984 4.54727
 -8.08396 -8.83381   924.64 0.158505 0.266663  -9.8221 4.54727
 -8.01105 -9.00169  933.989 0.159989 0.269414 -9.90744 4.54727
 -9.15845 -7.78883  983.809 0.160065 0.320515 -10.2879 4.54727
 -8.18631 -9.99778  1133.36 0.163671 0.313771  -11.786 4.54726
 -8.05918 -6.87576   738.18 0.166624 0.244657 -8.01933 4.48028
 -8.45289 -7.22686  747.119 0.159369 0.253208 -8.10499 4.38309
 -8.93027 -8.22159  749.344 0.137368 0.262172 -8.12384 4.28986
 -8.42506 -7.65557  742.853 0.147466  0.25389 -8.05904 4.2076
 -8.82958 -7.48593   743.23 0.153543 0.260339 -8.07114 4.11918
 -8.62054  -7.4489  741.487 0.153787 0.252376  -8.0517 4.03453
 -8.82457 -8.47238  737.992 0.132205 0.257393 -8.02035 3.94253
 -8.96614 -8.21925   735.97 0.140935 0.258279 -8.00183 3.85829
 -9.23456 -7.88437  737.189 0.141291  0.26483 -8.01307 3.77516
 -8.77011 -8.06299  742.345 0.143929 0.262221 -8.06662 3.67686
 -8.75414 -9.04522  748.905 0.121868 0.259907 -8.12167 3.59419
 -8.58385 -9.43731  783.601 0.120042 0.262002 -8.46116 3.5108
 -8.52019  -9.4681  800.403 0.127222 0.269107 -8.61933 3.42656
 -8.09005 -9.56965  838.371 0.128709 0.267284 -8.98917 3.32827
 -8.14921 -10.8292  890.225 0.115202 0.276715 -9.48965 3.24481
 -7.87588 -10.9551  899.826 0.112153 0.274349 -9.57002 3.16111
 -7.71634 -11.2086  915.042 0.109458 0.274908 -9.71868 3.0781
 -7.47579 -12.1214  972.385 0.111342 0.269733  -10.274 2.99416
 -7.50511 -12.9355  1016.19 0.105235 0.280696 -10.6872 2.8954
  -5.47491  -18.7594   1499.38 0.0878144  0.293065   -15.422 2.81276
 -7.32572 -11.9277  908.226 0.103699 0.263903 -9.64963 2.72849
    -7.43 -12.2099  902.915 0.103822 0.263221 -9.60574 2.64549
  -7.28367  -12.6337   929.216 0.0998936  0.259745  -9.85355 2.54743
 -6.91092 -13.1196  973.329 0.103463 0.252852 -10.2846 2.46415
 -7.20519 -13.0737  1019.19 0.101347 0.269673 -10.7234 2.38002
  -7.36041  -13.9374   1048.97 0.0923468  0.272972  -11.0006 2.28259
  -7.23572  -14.4893   1148.37 0.0997833  0.287547  -11.9609 2.19854
 -7.31397 -13.5761  1147.85 0.117179  0.28815 -11.9661 2.11611
 -7.23166 -13.0073  1102.59 0.123684 0.278844 -11.5303 2.02622
 -7.10151 -15.0829   1245.2 0.107614 0.297762 -12.9012 1.93436
 -6.81537 -15.2646  1284.45 0.115469 0.295263 -13.2834 1.85002
 -7.02711  -14.254  1192.29 0.120042 0.286871 -12.4082 1.76768
 -7.39264 -13.0598  1146.74 0.128438 0.281245 -11.9562 1.68341
  -7.5973 -12.9762  1162.73 0.130357 0.292019  -12.101 1.58528
 -7.18526 -14.1681  1249.44 0.131188 0.299392 -12.9504 1.5013
 -7.13493 -14.8789  1315.57 0.132299 0.310212 -13.5988 1.41804
  -7.3725 -14.2686  1277.79 0.126844  0.30995 -13.2169 1.33445
 -7.24077 -15.0962  1314.55 0.122678 0.316582 -13.5696 1.23688
 -9.77727 -12.9146  1444.28 0.131815 0.411488 -14.6385 1.15276
 -7.96609 -15.7697  1479.16 0.146036 0.345991 -15.1675 1.06993
 -8.64651 -12.5752  1105.28 0.138833 0.308513 -11.5565 0.986303
 -8.33039 -14.3865  1245.65 0.125333 0.311779 -12.9025 0.888757
 -8.33734 -16.7602  1497.79 0.124732 0.360444 -15.3181 0.804656
 -8.48154 -16.1759  1429.86 0.123315 0.344662 -14.6759 0.721195
 -9.29671 -15.6662  1430.25 0.134655  0.35866 -14.6893 0.623847
 -10.0458 -15.9697  1639.07 0.126784 0.433265 -16.5534 0.539296
    -8.61 -16.5839   1507.9  0.12048 0.358462 -15.4133 0.455416
  -8.4982 -15.4713  1388.63 0.125298 0.337976 -14.2724 0.371378
 -9.43465 -15.1971  1353.17 0.116877 0.351725 -13.9274 0.289508
 -9.16509  -15.253  1339.97  0.11451 0.350595 -13.7926 0.192192
 -8.94748 -15.2112  1348.34  0.11873 0.333199 -13.8861 0.107285
 -8.45933 -15.4868  1399.36 0.120255 0.343981 -14.3722 0.0213314
 -8.86034  -17.124  1517.13 0.124743 0.360365 -15.5299 -0.0599416
 -8.99818 -16.2012  1432.49 0.115055 0.360934 -14.6916 -0.157928
 -8.27709 -15.3549  1396.29 0.121164 0.337335 -14.3429 -0.239777
 -8.04733 -15.3145  1388.28 0.126272 0.319815 -14.2716 -0.325343
 -8.52326 -14.4832  1263.98 0.119634 0.318738 -13.0881 -0.422858
 -8.47576 -15.9113  1372.23 0.110591 0.335434 -14.1233 -0.506341
 -8.39309 -16.7242  1512.55 0.117221 0.347457 -15.4734 -0.590557
 -7.85004 -15.5185  1476.61  0.13897  0.33346 -15.1285 -0.673893
 -7.79194 -16.9571  1630.32 0.133424 0.361977 -16.6121 -0.770915
 -7.92876 -17.6888  1648.47 0.119903 0.361618 -16.7848 -0.855183
 -7.97282 -16.0802  1582.07 0.138111 0.354237 -16.1433 -0.938582
   -7.825 -15.2138  1506.99 0.142806  0.34111 -15.4266 -1.03635
 -8.18197  -14.953  1561.62   0.1566 0.357266 -15.9507 -1.11984
 -7.62993 -14.9989  1523.07 0.142819 0.350435  -15.563 -1.20359
 -7.37036 -15.5695  1639.88 0.149915 0.356555 -16.6925 -1.2872
 -7.20268 -16.5459  1758.92 0.158218 0.374423 -17.8509 -1.38445
 -7.85223 -14.4409  1591.07 0.163326 0.365715 -16.2184 -1.46958
 -7.77407 -15.4364  1577.25 0.146092 0.359734 -16.0896 -1.55234
 -7.63942  -15.286  1660.26  0.15868 0.374721 -16.8836 -1.63618
 -7.19161  -15.274  1697.38 0.166599  0.37504 -17.2281 -1.71946
  -7.5023 -15.8273   1775.8 0.175633 0.395195 -18.0025 -1.81743
 -7.22211 -17.7171   1831.7 0.145912  0.39888  -18.532 -1.90063
 -7.58423 -17.3088  1812.73 0.147792 0.396159 -18.3406 -1.98564
 -7.70711 -17.1706   1884.7 0.157776 0.415075 -19.0221 -2.06812
 -8.00734 -15.2606  1695.45 0.168924 0.394696 -17.2224 -2.16654
 -8.34522  -12.278  1274.28 0.152917 0.330576 -13.1767 -2.24932
 -8.05303 -16.5409   1742.2 0.152582 0.393641 -17.6749 -2.33336
 -7.67156 -16.6448  1757.18 0.155731 0.400711 -17.8122 -2.41695
 -7.76735  -16.838  1749.51 0.156478 0.396022 -17.7501 -2.50002
 -8.18432 -17.1311  1775.75 0.145365 0.406154 -17.9975 -2.59787
 -7.64915 -18.1757  1823.37 0.133949  0.39987 -18.4544 -2.68238
 -7.80718 -18.2617   1807.4 0.131446 0.404038 -18.3053 -2.76457
 -7.70207  -18.804  1919.97 0.140229 0.422708 -19.3876 -2.84903
 -7.63731 -19.4339  1897.93  0.12899 0.419432 -19.1924 -2.94702
 -7.38505 -13.0421  1147.47 0.118211 0.299358 -11.9572 -3.03023
 -7.60779 -13.1982  1160.71 0.114267 0.308642 -12.0867 -3.11442
 -7.46005  -13.578  1210.76 0.124806 0.318442 -12.5685 -3.19777
 -7.27974 -20.4223  1986.46 0.125277 0.427927 -20.0283 -3.28155
 -6.66948 -21.2076  2030.71 0.117815 0.431256 -20.4409 -3.37955
 -6.33291 -22.1146  2046.57  0.10431 0.422829 -20.5922 -3.46281
 -7.19534 -21.1417  1959.63 0.110283 0.412894  -19.754 -3.54664
 -6.84649 -23.2599     2094 0.108103 0.425308 -21.0863 -3.63024
 -6.76873  -20.593  1807.76 0.103626 0.384101 -18.3217 -3.72746
 -6.46281 -21.8595  1975.96  0.10947 0.406011 -19.9364 -3.81195
 -6.91437 -21.7296  1982.97 0.113317  0.40817 -19.9917 -3.8948
 -7.09662  -21.921  1992.35 0.114636 0.413658 -20.0889 -3.97829
 -7.03611 -22.4643  1968.87 0.103421 0.407819  -19.869 -4.06294
 -6.31378 -21.9035  2036.51 0.121614 0.400269 -20.5201 -4.15933
 -7.00955 -21.5605   2026.6 0.116263 0.421652 -20.3951 -4.24387
 -7.00302 -21.7563  2024.98 0.112761 0.423205 -20.3887 -4.32697
 -7.29745 -21.4936  2062.37   0.1207 0.433989 -20.7237 -4.41135
 -6.59779 -21.0621  2014.17 0.134105 0.412077 -20.2927 -4.50967
 -6.60174  -22.114   2160.3 0.130832 0.438118  -21.684 -4.59219
 -6.87053 -20.5221  1924.36 0.127854 0.397437 -19.4341 -4.64526
 -6.73359 -22.2132  2163.34 0.139024 0.432366 -21.7272 -4.57154
 -6.60667 -22.6619  2173.97 0.124698 0.437184 -21.8277 -4.64757
 -6.55239 -21.3923  2029.76 0.128819 0.412192 -20.4483 -4.56366
 -7.47544 -21.4928  2070.39 0.129772 0.448839 -20.7783 -4.47221
 -7.41048 -15.7959  1332.17 0.113544 0.320416  -13.734 -4.37325
  -7.5158 -11.7502  877.397 0.108091 0.252919 -9.35479 -4.28878
 -7.32221 -11.2721  871.599 0.121042 0.244995 -9.30746 -4.20513
  -7.8101 -12.3382  910.397 0.102241 0.263923 -9.68511 -4.12159
 -8.06839 -12.9706  980.148 0.104806 0.276816 -10.3487 -4.02462
 -7.69947 -12.0982  910.739 0.105334 0.262225 -9.67909 -3.94046
 -7.39714 -12.0627  911.137 0.109565 0.254267 -9.69128 -3.85623
 -7.63529 -12.0962  914.657 0.108715 0.254652 -9.72196 -3.77268
 -7.98468 -12.0839  920.606 0.101344 0.271678 -9.76547 -3.67616
 -7.63965 -12.1255  925.068 0.102935 0.271882 -9.81036 -3.59122
 -7.14211 -12.1544   929.77 0.104535 0.266533 -9.86269 -3.50781
 -6.93032 -12.0445  930.794 0.107934 0.261319 -9.88033 -3.42465
 -8.10917 -11.2946  934.191 0.118392 0.279149 -9.90973 -3.3277
 -7.92657 -10.7802  927.499 0.127527 0.277311 -9.84474 -3.24379
 -7.87823  -10.976  931.556 0.115782 0.278405 -9.88027 -3.15886
  -7.5826 -11.2787  931.209  0.11351 0.277285 -9.88303 -3.07639
  -8.4934  -10.361  937.988 0.131251 0.283216 -9.94511 -2.97841
 -8.20817 -10.0141   941.14  0.13971 0.289687 -9.97905 -2.89556
 -8.32176 -10.1309  942.995 0.137586 0.280762 -9.99334 -2.81093
   -8.469 -10.1475  943.204 0.137541 0.280888 -9.99245 -2.72632
 -8.87789  -9.9279  942.471 0.145394 0.289819 -9.98823 -2.64327
 -8.64105  -9.6151   944.58 0.148807 0.288047 -10.0168 -2.54656
 -8.41756 -9.81285  954.212 0.146549 0.287072 -10.1105 -2.462
 -8.10477 -9.86194  954.546  0.14616 0.286177 -10.1041 -2.37811
 -8.45762 -9.65867  957.824 0.148348 0.289891 -10.1376 -2.28018
 -8.52243 -8.77906  964.507 0.171718 0.292156    -10.2 -2.19789
 -8.01498  -9.4276  980.992 0.157914 0.283534 -10.3546 -2.11339
 -7.84581 -9.65696  990.124 0.152735 0.276054 -10.4415 -2.02975
 -8.02913 -10.1538  999.006 0.147791 0.281448 -10.5325 -1.94646
 -7.98301 -9.00118  1007.69 0.168892  0.28476 -10.6127 -1.86346
 -7.49292 -9.13373  1019.58 0.168361 0.275468   -10.73 -1.76489
 -7.76419 -9.66921  1022.44 0.155025 0.280861 -10.7552 -1.68168
 -7.59956 -10.2274  1034.95 0.150934 0.276893 -10.8754 -1.59786
 -8.05287  -9.5896  1071.39  0.16621 0.291606 -11.2252 -1.5
 -7.82127 -10.7012  1104.16 0.155969 0.284472 -11.5378 -1.41645
 -7.74421 -12.1622  1246.16 0.147647 0.303102 -12.9086 -1.3326
 -7.76576 -15.5946   1568.4 0.138235 0.353622 -15.9985 -1.24867
 -8.06301 -13.0488  1366.35 0.152726 0.330411 -14.0589 -1.16582
 -8.11105 -13.4431  1342.98 0.151492  0.32457 -13.8483 -1.06771
 -7.95242 -17.4502  1741.21  0.13306 0.380952 -17.6725 -0.98512
  -8.3146 -14.2719  1286.08 0.115376 0.312346 -13.2948 -0.899197
 -8.06126 -13.5284  1194.78  0.12138 0.299393 -12.4242 -0.816416
 -7.69533 -14.3302  1365.21 0.139365 0.321993 -14.0652 -0.733646
 -7.47486  -19.995   1841.3 0.122038 0.380078 -18.6711 -0.63633
 -8.74828 -18.3463  1699.48 0.121893 0.383705 -17.2778 -0.552072
 -8.33934 -18.8515  1736.72 0.111762 0.387073 -17.6168 -0.467626
 -8.01277 -18.2481  1706.57 0.117596 0.377768 -17.3249 -0.385107
  -7.8436 -18.1663  1677.42 0.122367 0.370588  -17.069 -0.287089
  -8.6373 -17.6839  1710.82 0.129328 0.389327 -17.3606 -0.202968
 -9.06224 -17.6688  1575.69 0.116365 0.377481 -16.0756 -0.119255
 -8.22977 -18.8096  1750.53 0.118031 0.385581 -17.7573 -0.0206403
 -8.57132 -18.2333  1704.06 0.120006  0.38701 -17.2955 0.0614077
 -8.84736 -19.0362  1731.79 0.114712 0.390445 -17.5843 0.145403
 -9.36274 -17.5833  1632.42 0.119927 0.391422 -16.6211 0.243002
 -8.55479 -17.4545  1622.23 0.126167 0.376913 -16.5264 0.327354
 -8.81586 -16.6624  1586.68 0.131585 0.374444 -16.1718 0.410198
 -8.43347 -17.7647  1619.61 0.123295 0.373108 -16.5005 0.494319
 -9.44162 -16.2191  1520.33 0.134128 0.378009 -15.5414 0.591625
  -8.9796 -18.3276  1778.83 0.130605 0.417906 -17.9849 0.676406
 -8.12487 -19.6236  1855.08 0.130578 0.406545 -18.7503 0.759061
 -8.17769 -19.0121  1737.56 0.129047 0.385423 -17.6421 0.842397
 -8.57851 -14.6707  1278.72 0.121642 0.329978 -13.2249 0.941022
 -7.98811 -14.7808   1331.2 0.138695 0.332345 -13.7354 1.02449
 -7.94979 -15.2491  1352.16 0.135253 0.325015 -13.9308 1.10796
 -8.04165 -15.6422   1379.3  0.12122  0.33011 -14.1921 1.19161
 -7.61575 -17.3887  1601.51 0.133381 0.360049 -16.3335 1.28918
 -7.50963 -17.3255  1612.35 0.135046 0.360125 -16.4394 1.37232
 -7.29287  -17.908  1626.28 0.124598 0.354835 -16.5674 1.45548
  -7.1507 -17.5937  1624.76 0.133656 0.360505 -16.5509 1.5401
 -7.22877  -17.408  1644.04 0.138221 0.363539 -16.7386 1.62339
 -6.83917 -17.4066  1638.41 0.134758 0.350891 -16.6813 1.72083
 -6.49905 -19.0711  1646.43 0.106275 0.353026 -16.7648 1.80591
 -6.83467 -18.8101  1652.24 0.106149  0.35886 -16.8127 1.88889
 -7.12116 -19.0064  1703.46 0.121578  0.36652 -17.3051 1.97156
 -7.00412 -19.0476  1752.33  0.12416 0.378585 -17.7778 2.05691
  -6.9883 -19.0341  1689.14 0.106321 0.360744 -17.1692 2.14015
  -7.13492  -19.4902   1681.78 0.0977795  0.364432  -17.0902 2.23774
  -7.13192   -19.695   1704.45 0.0981436   0.37141  -17.3112 2.32136
 -6.84924 -19.6431  1693.93 0.100511 0.367086 -17.2205 2.40501
 -7.06493  -19.452  1700.81 0.101942 0.365376 -17.2767 2.48956
  -7.01175  -18.9642   1620.48 0.0992505  0.363231   -16.504 2.58472
 -7.35226 -18.0539  1584.76 0.108861 0.364427 -16.1617 2.66903
 -7.07528 -17.7316  1570.12 0.108428  0.36112 -16.0201 2.75329
 -7.20134  -17.395  1573.86 0.109511 0.358698 -16.0452 2.83743
 -7.14453 -18.2013  1573.97 0.090015  0.36012 -16.0497 2.9201
 -7.22813 -17.5407  1567.95 0.102294  0.36657 -15.9934 3.0177
 -7.44523 -16.6388  1563.66 0.119713 0.363569 -15.9616 3.1012
 -7.78303  -16.424     1571 0.121961  0.37457 -16.0282 3.18676
 -7.97881 -16.9375  1564.86 0.108844 0.371529 -15.9695 3.26995
 -8.30023 -16.6655  1560.66 0.116422 0.379347 -15.9264 3.36719
 -8.09999 -15.9594  1571.05 0.128822 0.369598 -16.0255 3.45052
 -8.03307 -15.9888  1567.78 0.132711 0.369316 -16.0003 3.53427
 -8.49032  -16.345  1576.48 0.121334 0.380451 -16.0795 3.6192
 -8.70449 -15.9572  1581.58 0.132351 0.387916 -16.1261 3.71585
 -8.27003 -15.3002   1613.7 0.151656 0.386955  -16.435 3.79898
  -8.1235 -15.8612  1617.97 0.148973 0.384254 -16.4805 3.88223
 -8.19759 -16.7509  1710.43  0.14454 0.399047 -17.3726 3.96667
 -8.39748 -17.5637  1836.31 0.149312 0.421041  -18.585 4.04904
 -7.98758 -18.1427  1932.33 0.155246 0.430946 -19.4959 4.14818
 -8.07118  -14.074  1498.93 0.159288 0.360001 -15.3365 4.23115
 -7.83627 -15.0037  1601.77 0.159206 0.373174  -16.326 4.31554
 -7.91403 -15.2344  1664.41 0.163225 0.385668 -16.9208 4.39856
 -7.80394 -14.7136  1605.37 0.165296  0.37019 -16.3666 4.48144
  -7.3852 -15.3475  1615.37 0.151039 0.366079 -16.4519 4.5801
 -7.81468 -15.8611  1637.36 0.150086 0.371895  -16.667 4.64558
  -7.4811 -15.5544   1700.1 0.158431 0.377549 -17.2635 4.57125
 -7.46562 -16.6307  1717.44 0.144452 0.376841 -17.4364 4.64403
 -7.38706 -16.5384   1738.4 0.152387 0.371065 -17.6482 4.59628
 -7.81906 -15.8855  1738.45 0.162691 0.392284 -17.6337 4.5124
 -7.99729 -15.3365  1665.48 0.159744 0.382964 -16.9358 4.41235
 -7.80846 -15.6309  1677.26 0.160923  0.38716 -17.0494 4.32978
 -7.96588 -16.3046  1718.45 0.157836 0.394267 -17.4532 4.24463
 -8.23665 -16.4512  1743.41 0.153278 0.400666 -17.6823 4.16081
 -8.15927 -16.3031  1671.43  0.14535 0.394918 -16.9918 4.06416
 -8.18271 -17.4137  1803.95 0.148597 0.407788 -18.2707 3.98018
 -8.18015 -17.1173  1770.83 0.145498 0.407971 -17.9509 3.89732
 -8.25547 -17.7566  1866.76  0.15103  0.42464 -18.8795 3.81252
 -8.57725 -17.8523  1847.34 0.143281 0.427542 -18.6651 3.71392
 -8.08718 -18.3225  1815.24 0.131033 0.415618 -18.3776 3.63073
 -7.85008 -19.2025  1886.92 0.125517 0.417945 -19.0561 3.54779
 -8.00127 -16.6984  1648.85 0.138547 0.381241 -16.7874 3.46376
 -7.98033 -17.6218     1649 0.118255 0.388122 -16.7885 3.36599
 -7.57693 -17.9199  1669.97   0.1097 0.388366 -16.9777 3.28227
 -7.65178 -16.5407  1558.58 0.116478 0.363457 -15.9013 3.19838
 -7.49817 -14.1911  1297.47 0.121715  0.32771 -13.4013 3.11557
 -7.55035 -14.1901  1214.14 0.108127 0.314027 -12.5996 3.01796
 -7.47359 -14.1715  1175.37 0.103124  0.30268 -12.2272 2.93422
 -7.12056   -13.64  1145.17 0.113278 0.295913 -11.9323 2.85096
 -7.15784 -13.4931  1126.14 0.109738 0.289038  -11.745 2.75241
  -7.5194 -14.1319  1109.38 0.100659  0.29611 -11.5896 2.66865
  -7.15071  -14.5992   1101.44 0.0931999  0.282195  -11.5167 2.58542
 -7.31655 -13.7104  1091.46 0.107202 0.283144 -11.4173 2.50313
  -7.13921  -13.8847   1084.14 0.0998277  0.282062  -11.3415 2.40409
 -7.33544 -13.9595  1080.24 0.102806 0.284808 -11.3098 2.32019
 -7.02742 -14.1557  1075.46 0.098582  0.27387 -11.2714 2.23637
 -7.69945 -12.9448   1072.2 0.116989 0.285001 -11.2386 2.15266
 -7.13899 -12.6554  1070.29 0.126458 0.275325 -11.2183 2.05599
 -7.10849 -13.4492  1068.61 0.111239 0.274295 -11.2028 1.97098
 -6.51876 -13.4766  1068.68  0.11294 0.261519 -11.2028 1.88799
 -6.86237 -12.9483  1063.86 0.122309 0.265212 -11.1585 1.79026
 -7.42652  -12.298  1064.43 0.127756  0.27781 -11.1604 1.70687
 -7.62099 -12.2832   1057.4 0.127944  0.28155 -11.0988 1.62274
   -6.955 -12.6118  1042.19 0.120768 0.264458 -10.9526 1.53931
 -7.04818 -12.8169  1043.47   0.1159 0.268849 -10.9637 1.45607
 -7.65979 -12.1632  1041.64 0.126925 0.274843 -10.9448 1.37291
 -8.01691 -11.9796  1041.36 0.135205  0.28821 -10.9414 1.27355
 -7.89108 -12.4044   1038.9  0.12735 0.282822 -10.9233 1.19109
 -7.67601 -11.8583  1038.36 0.140748 0.274319 -10.9229 1.10698
 -8.44592 -12.1808  1035.73 0.132584 0.291586 -10.8913 1.01109
 -8.76322 -12.3871  1033.99 0.128507 0.291724 -10.8751 0.926676
 -8.64954 -12.7929  1033.16  0.11946 0.290397 -10.8625 0.841381
  -8.2703 -12.2851  1032.38 0.129111  0.28862 -10.8539 0.757888
 -9.21214 -12.4359  1032.65 0.121489 0.301563 -10.8531 0.661337
 -9.38246 -12.4423  1033.76 0.124221 0.300358 -10.8684 0.578095
 -9.14691 -12.9966  1033.24 0.110595 0.296255 -10.8658 0.492958
 -8.99995 -12.0348  1032.44 0.129086 0.290843 -10.8511 0.40958
 -9.44492 -12.0759  1033.49 0.123405 0.301142 -10.8615 0.312861
 -9.62146 -12.2889  1034.06 0.117193 0.297733 -10.8616 0.228519
  -9.2579 -12.8115   1031.8 0.113321 0.293629 -10.8538 0.143236
 -8.82506 -12.1492  1032.93  0.12342 0.285925 -10.8538 0.0604652
 -8.97183  -12.167  1032.15 0.120565 0.290898  -10.849 -0.0367776
 -9.61513 -12.7757  1030.78  0.11026 0.303395 -10.8412 -0.119286
 -8.75524 -12.3546  1028.86 0.118508 0.281383 -10.8216 -0.204413
 -8.52101 -11.9696  1031.55 0.124566 0.275187 -10.8473 -0.288115
 -8.57989 -11.8305  1031.19 0.126251 0.276864 -10.8438 -0.385662
 -8.88713 -12.7996  1030.61 0.101706 0.285787 -10.8268 -0.467699
 -8.64129 -12.5819  1031.05 0.114788 0.280401 -10.8422 -0.551915
 -8.14343 -11.9662  1031.51  0.11961 0.275242 -10.8495 -0.63634
 -8.11112 -11.1084  1030.66 0.138702 0.276933 -10.8436 -0.734798
  -8.5547 -12.6314  1032.49 0.107469 0.280947 -10.8607 -0.816217
 -8.40688 -11.8438  1034.66 0.122562 0.278434  -10.884 -0.900464
 -8.14633 -11.1916  1036.87 0.135319 0.275741  -10.903 -0.985151
 -8.39579 -10.1331  1043.49 0.149683 0.285487 -10.9613 -1.08266
   -8.224 -10.9243  1047.06 0.134428 0.278454 -10.9921 -1.16621
  -7.9366 -10.9998  1052.23 0.135868 0.271107 -11.0367 -1.24977
 -8.02895 -10.0963  1059.28 0.152432 0.278127 -11.1131 -1.33363
 -8.30333 -9.56605  1067.41 0.168516 0.290962 -11.1949 -1.41747
 -8.02084 -10.1999  1075.87 0.158356 0.290009  -11.278 -1.5003
 -7.95511 -10.3247  1090.81 0.156706 0.287961 -11.4108 -1.59814
 -7.73308 -10.3304  1101.69 0.156492  0.28561 -11.5147 -1.68234
 -7.74784 -9.87551  1112.21 0.170579 0.294531 -11.6171 -1.7655
 -7.88925 -10.3982  1130.66 0.165362 0.304348 -11.7959 -1.85023
 -7.77037 -11.5749  1180.28 0.146963 0.303632 -12.2681 -1.94602
 -7.83655 -19.5742  2181.88 0.156022 0.468493 -21.8499 -2.03015
 -8.01415 -9.16689  959.105  0.15923 0.279677  -10.151 -2.11435
 -8.64187 -8.92161  970.996 0.167195 0.293514 -10.2696 -2.21247
 -8.17312 -10.1737   991.94 0.145025 0.286106 -10.4615 -2.29557
 -8.16494 -9.78411  983.057 0.148524  0.28772 -10.3768 -2.37924
 -8.29733 -9.25263  915.842 0.144782 0.276195 -9.72294 -2.47628
 -8.83313 -9.41193  924.204 0.144979 0.297446 -9.81892 -2.5613
 -8.55716 -10.3895  941.217 0.131751 0.284043 -9.97324 -2.64506
 -8.05583 -10.9242  963.992 0.126157 0.286373 -10.1989 -2.72763
 -8.27781 -11.0014  1015.57 0.138233 0.288998 -10.7007 -2.81195
  -8.3921 -12.3634     1184 0.132511 0.324072 -12.3156 -2.90942
 -8.01675  -14.563  1342.73 0.121578  0.33898  -13.836 -2.99363
 -8.08472 -10.0638  837.194 0.122531 0.259624 -8.97541 -3.07566
  -7.8358 -9.92953  818.129 0.115978 0.261541 -8.79315 -3.15983
 -7.69761 -9.69216  803.147 0.128078 0.256924 -8.65058 -3.24419
 -7.89786 -10.4467  796.432 0.107774 0.256843 -8.58382 -3.34216
  -7.1975 -10.7407  799.184 0.104126 0.242871 -8.60528 -3.42458
 -7.40562  -11.058  799.635 0.106058 0.252651 -8.61191 -3.50785
 -7.87345 -11.0543  799.972 0.108999 0.257335 -8.61425 -3.59263
 -7.70048 -11.2117  800.838 0.099607 0.251054 -8.61793 -3.69048
 -7.16239 -11.2234  803.541 0.107532 0.238067 -8.65417 -3.7739
 -7.51744  -11.085  808.181 0.116144 0.243912 -8.69956 -3.85776
 -7.87734 -11.3051  810.756 0.103643 0.253905 -8.72544 -3.95489
  -8.11715  -11.8171   814.431 0.0946515  0.251257  -8.75292 -4.0387
 -7.22948 -11.3482  816.565 0.108592 0.236965 -8.78357 -4.12352
 -7.34374 -11.0735  821.073 0.119429 0.236813 -8.83338 -4.20566
 -7.41707 -11.3417  820.423 0.114164 0.248935 -8.81822 -4.30453
 -7.65382 -11.2173  824.319 0.111662  0.24694 -8.85362 -4.38748
 -7.44046 -11.1067  826.663 0.119905 0.237296 -8.88157 -4.47078
 -7.12447 -10.3082  830.034 0.128849 0.233485 -8.91049 -4.5544
 -7.45897 -10.5486  832.196 0.126574 0.246167 -8.92598 -4.64446
  -7.4844 -10.5447  836.944 0.127227 0.240496 -8.97734 -4.57364
 -7.58181 -10.5417  841.502 0.127211 0.248588 -9.02197 -4.62707
 -7.27396 -10.7691  848.698 0.122024 0.248124 -9.08614 -4.59357
 -7.26979 -11.1923  853.888  0.11761 0.240066 -9.14069 -4.49156
 -7.84166 -11.1784  860.818 0.116471 0.253004 -9.20216 -4.40658
 -7.76018 -11.4043  867.059 0.108598 0.250523 -9.26253 -4.32208
 -7.12491 -11.4189  872.965 0.113713 0.248898 -9.32073 -4.23791
 -7.30571 -11.8154  878.542 0.108845 0.252258 -9.37667 -4.15491
  -8.07173  -12.4713   879.493 0.0983372  0.259464  -9.37868 -4.05834
 -8.09778 -12.0133  880.287 0.109082 0.261813 -9.39256 -3.97308
 -7.66838 -11.8916  882.774  0.10704 0.260508 -9.41185 -3.89067
 -7.20174 -11.8081  887.978 0.108094 0.252882 -9.46504 -3.79178
   -7.8698  -12.3959   924.854 0.0990473  0.270733  -9.80958 -3.70992
  -7.8548 -12.4885  940.568  0.10642 0.278288  -9.9695 -3.62534
 -7.63209 -12.3244  969.337 0.103127 0.281021 -10.2384 -3.54096
 -7.34003 -13.4419  1108.52 0.110274 0.291962 -11.5827 -3.44374
 -7.98953 -11.2907  900.145 0.109862  0.26958 -9.57105 -3.36163
 -7.99887 -10.4504  890.226 0.128857 0.271445 -9.48833 -3.27685
 -7.79562 -10.5547      887 0.121167  0.27519 -9.45934 -3.19213
 -7.93731 -10.3941  887.166 0.125152 0.267742 -9.45684 -3.09442
 -8.32159 -10.5687  889.114 0.123309 0.277186 -9.47838 -3.01112
 -8.52349 -9.69983  881.494  0.13164 0.282309 -9.40154 -2.9287
 -8.28069 -9.52923  878.096 0.132823 0.271486 -9.36763 -2.84347
 -8.13666 -9.84221  880.691 0.130523 0.272218 -9.39549 -2.76001
 -8.64657 -9.81296  887.119  0.13228 0.277957 -9.44814 -2.66201
 -8.96698 -9.00641  887.143 0.150342 0.292324 -9.45943 -2.57927
 -8.34383 -8.87556  889.441 0.151723  0.27437 -9.48555 -2.49562
 -8.32082 -9.11539  892.415 0.152104 0.274593 -9.50907 -2.41237
 -8.59235 -9.37243  896.641 0.135226 0.275018 -9.54587 -2.31375
 -8.71287 -8.48164  898.857 0.161432 0.285675 -9.57042 -2.23173
 -8.27251  -8.4592  902.939 0.164897 0.271517 -9.60665 -2.14662
 -8.06418 -8.58715  898.013 0.153619 0.270561 -9.56201 -2.06302
 -8.09561 -8.87132  898.958 0.153087 0.264985 -9.56174 -1.97989
 -8.44693 -8.34891  900.755 0.161588 0.276222 -9.58858 -1.88226
 -7.77568 -8.11673  904.512 0.169203 0.263718  -9.6209 -1.79896
  -7.7826 -8.54742  905.625 0.157251 0.264226 -9.62618 -1.71407
 -7.83832 -8.86372  905.533 0.147486 0.259399 -9.62513 -1.63025
 -8.04316 -8.57376  904.966 0.150929  0.26646   -9.624 -1.53297
  -8.3014 -8.39018  902.572 0.156457  0.26814 -9.60206 -1.45034
  -8.3247 -9.16407  904.237 0.150301  0.26363 -9.62289 -1.36568
 -8.27108 -9.78155  908.027 0.141096 0.262529 -9.65813 -1.26781
 -8.21812 -9.40271  917.301 0.142976 0.256053 -9.74741 -1.18363
 -8.43668 -9.19184  926.084 0.152638  0.27127 -9.83699 -1.10123
 -8.14647 -10.5357  934.186 0.134023 0.265227 -9.92175 -1.01759
 -8.76821 -10.7675  941.968 0.129116 0.267948 -9.99335 -0.934153
  -8.2481 -11.5275  945.666 0.114625 0.262017 -10.0272 -0.834679
  -8.0513 -10.4317  950.867 0.131873 0.261521 -10.0738 -0.752589
 -8.41738 -11.3533  957.931  0.11993 0.273526 -10.1399 -0.669536
 -8.92407 -11.7651  968.599 0.121259 0.276902 -10.2401 -0.572608
 -8.94451 -12.6369  985.296 0.100455 0.282522  -10.406 -0.487303
 -8.41058 -11.5065  1010.71 0.130752 0.272236 -10.6462 -0.403129
 -8.44391 -12.2227  1040.28 0.118458 0.282717 -10.9395 -0.320516
 -8.74724 -13.2101  1147.14 0.120307 0.297981 -11.9514 -0.223189
 -8.59962 -21.1604  1910.04 0.107485 0.408931 -19.3078 -0.138984
 -8.69867 -14.6879  1282.73 0.113336 0.321176 -13.2562 -0.0544333
 -8.74492 -13.0129  1117.77 0.120554 0.300622 -11.6742 0.0276146
  -9.1955 -13.2187  1096.43 0.112612  0.30568 -11.4641 0.125999
 -9.44121 -13.1236  1080.88 0.110743 0.307662 -11.3167 0.209953
   -9.223 -13.1857  1095.15 0.116932   0.3125 -11.4584 0.294943
 -9.03789 -13.0184  1115.87 0.124768 0.306902 -11.6544 0.37652
 -9.00732 -12.9876  1090.88 0.119692 0.302122 -11.4176 0.475187
  -9.5427 -12.3416  1091.16 0.129913 0.317385 -11.4173 0.557643
 -9.20293 -13.1773  1081.57 0.121247 0.307811   -11.33 0.642487
 -8.67139 -12.9366   1074.7 0.123569 0.299139  -11.258 0.725928
 -8.70829 -13.3446  1087.14  0.12192 0.299836 -11.3845 0.808594
 -8.84889 -13.1482  1105.06 0.125898 0.309273 -11.5579 0.893595
 -8.46286  -12.853  1122.41 0.124948  0.30663 -11.7202 0.9909
 -7.93517 -12.8759  1129.67 0.132757 0.298778 -11.7977 1.07426
 -7.86045 -13.4329  1144.05  0.13073 0.298547 -11.9379 1.15739
  -7.6147 -13.4183  1153.32 0.125163 0.300768 -12.0233 1.25539
 -7.67517 -13.1056  1160.32 0.133489 0.299602 -12.0945 1.33966
 -7.34104 -13.7946  1170.93  0.12089 0.297235 -12.1913 1.42464
  -7.1127 -13.7617  1201.38  0.12493  0.29442 -12.4778 1.50595
 -7.66797 -13.9428  1201.14 0.127207 0.308763 -12.4834 1.59004
 -7.17447 -13.9845  1199.27 0.120627 0.302052 -12.4581 1.68777
 -6.99724 -14.4535  1205.04 0.113738 0.295339 -12.5199 1.77282
 -7.08327 -14.7918  1199.29  0.10665 0.297259 -12.4606 1.8548
 -7.27046 -14.7906  1208.89 0.103882 0.299415 -12.5515 1.93919
 -7.45261 -14.1999  1216.65 0.119766 0.298945 -12.6221 2.02284
 -7.64957 -15.3878  1281.96 0.107381 0.315131 -13.2478 2.12091
  -7.08562  -16.1341   1309.02 0.0995377  0.309644   -13.519 2.20342
 -7.23295 -18.3264  1561.98 0.100974 0.350351 -15.9415 2.28712
 -7.23625 -14.9362  1224.16 0.103429 0.303718  -12.691 2.37189
 -7.15092 -15.3507  1231.22  0.10385 0.300505 -12.7616 2.45492
  -7.17944  -15.9348   1255.08 0.0933177  0.304015  -12.9906 2.55334
  -7.50008    -15.97    1298.7 0.0982102  0.325149  -13.4105 2.63542
 -7.13196 -16.1123  1411.12 0.112553 0.334422  -14.483 2.71931
 -6.70252 -28.6218  2855.52  0.12564 0.557018 -28.3606 2.8044
 -5.96813 -33.8919  3312.42  0.10292 0.602483  -32.773 2.90216
 -6.27485 -31.5708  3087.33 0.101608 0.578904 -30.6099 2.98436
 -11.1323 -26.0895  3337.53 0.179416 0.888442 -32.6131 3.06831
 -8.32717 -8.70761  682.208 0.119203 0.250125 -7.48674 3.1524
 -8.46415 -9.29829   677.68  0.10893 0.247607 -7.44644 3.25049
 -8.72746 -8.69029  675.471 0.112632 0.251125  -7.4235 3.33249
 -8.55403 -8.11999  674.781  0.12764 0.251165 -7.41219 3.41686
 -8.60462 -7.84889  674.739 0.131594 0.247579 -7.41817 3.5012
 -8.89804 -7.95025  674.494 0.129603 0.251852 -7.41548 3.58588
 -9.24903 -8.07552  674.578 0.132306 0.254596 -7.41364 3.68106
 -9.02133 -7.09643   674.94 0.143923  0.25826 -7.41543 3.76538
 -8.75003 -7.24345  675.293  0.14556 0.247252 -7.42089 3.84921
 -8.90704 -7.40566  676.461  0.14246 0.251956 -7.42205 3.93465
  -9.1718 -7.81429  676.622 0.132717 0.261235 -7.43051 4.03053
 -9.07364 -6.85798   677.21 0.156623 0.252381 -7.43889 4.11432
 -8.45826 -6.68123  677.825 0.155623 0.239988 -7.44224 4.19807
 -8.69178 -6.68761  678.076 0.155605 0.246211 -7.44976 4.28175
 -8.80585 -7.07534  679.221 0.150131 0.245127 -7.46441 4.36663
 -8.36873 -6.47919  680.016 0.161747 0.241915 -7.47119 4.46315
 -8.22298 -6.54067  680.262 0.156467 0.237257 -7.47136 4.5462
 -8.30737 -6.87448  680.458 0.147951 0.233387 -7.47456 4.63028
 -8.02259 -6.93489  681.409 0.152315 0.231507 -7.47376 4.60346
 -8.22505 -7.12554  681.694 0.151668  0.23714 -7.48348 4.61925
 -8.28998 -6.90496  682.495 0.148466  0.23681 -7.48385 4.63652
 -8.25575 -6.40392  683.533 0.162984  0.23297 -7.49569 4.61448
  -8.5574  -6.8972  683.496 0.149952 0.245344 -7.49469 4.61448
 -8.79082 -6.89215  684.241 0.154226 0.244508 -7.49846 4.61448
 -8.58087 -7.00265  684.021  0.15813 0.245317 -7.50535 4.61448
 -8.53111 -6.97789  684.197 0.155528 0.252454 -7.50435 4.61448
 -9.00291 -7.29282  684.449  0.14731 0.256416 -7.50171 4.61448
 -9.20276 -7.66567  684.851 0.137171 0.252511 -7.50832 4.61448
 -8.67318 -7.27738  685.054 0.150033 0.247363 -7.51308 4.61448
 -8.67779 -7.46384  685.428  0.14184 0.249351 -7.51483 4.61448
 -9.35349 -7.52407  685.772 0.139548 0.261092 -7.51958 4.61448
 -9.09023 -8.17063  686.123 0.124588 0.255378 -7.52301 4.61448
 -8.74864 -8.20746  686.664 0.125586 0.260523 -7.52509 4.61448
 -8.38956 -8.23466  686.483 0.126667  0.24826 -7.52502 4.61448
 -8.65302 -8.38899  686.442 0.123613 0.250334 -7.52369 4.61448
 -8.65941 -9.19859  686.761  0.10209 0.252341  -7.5244 4.61448
 -8.33155 -8.96751  687.208 0.111179 0.243807 -7.53053 4.61448
 -8.23752 -8.49422  686.839  0.12339 0.242568 -7.53296 4.61448
 -7.98217 -8.93453  687.411 0.112654 0.242977 -7.53359 4.61448
 -7.83141 -9.63506  687.302 0.101479 0.236736 -7.53487 4.61448
   -7.5125  -10.5029   686.947 0.0877187    0.2338  -7.52888 4.61448
 -7.56976 -9.53262   687.59 0.110414 0.233484 -7.53276 4.61448
 -7.44888 -9.25065  687.631 0.119224 0.231428 -7.53613 4.61448
   -7.8047  -10.2999   687.823 0.0933777   0.23573  -7.53637 4.61448
  -6.98472  -11.0789   687.911 0.0842018  0.224101  -7.53619 4.61448
  -7.44394  -10.4641   687.636 0.0941298  0.227003  -7.54226 4.61448
 -7.39373 -10.3553  688.845 0.100476 0.225514 -7.54091 4.61448
  -7.7869 -10.5817  687.709 0.100992 0.225332 -7.54563 4.61448
  -7.56058  -10.4587       689 0.0991092  0.219405  -7.54618 4.61448
 -7.35864 -9.95966  688.187  0.10731 0.227344 -7.54375 4.61448
 -7.59044 -9.65849   688.61 0.110877 0.227434 -7.54873 4.61448
 -7.46115 -9.91573  688.295  0.11448 0.221565 -7.55579 4.61448
 -7.66855  -10.249    688.5 0.105351 0.221831 -7.55374 4.61448
 -6.75868 -9.65018  688.622 0.115445 0.210236 -7.55697 4.61448
 -7.82334 -9.08863   689.95 0.120457 0.228257 -7.56213 4.61448
  -7.8748 -8.78972  690.112 0.137702 0.227576 -7.56794 4.61448
