-9.94654     -9.57577
-9.78207	   -8.37686
-8.80425	   -7.61778
-9.48014	   -7.49551
-9.09245	   -7.62831
-10.73566	   -9.34111
-10.19961	   -8.53955
-10.42950	   -9.25545
-9.62065	   -7.93959
-9.17863	   -7.77440
-7.42366	   -6.73798
-9.34607	   -8.05291
-8.72440	   -6.84883
-9.29167	   -8.54220
-8.80720	   -6.82148
-9.58333	   -8.26230
-7.57382	   -6.97141
-9.20662	   -7.91180
-9.74570	   -8.00082
-10.49951	   -9.21992
-10.30105	   -8.58645
-10.83644	   -9.42886
-9.18025	   -7.71272
-9.74021	   -7.77131
-8.78787	   -7.55855
