-9.94654	-2.45583	-14.28382 -7.98570	-2.64036	-12.46970 -8.74211	-2.26595	-13.57142   -8.84230	-2.24949	-13.25710  	-7.76155	-2.88390	-11.88335	
-12.71558	-1.32801	-16.53048 -7.92422	-2.76685	-12.92553 -8.73672	-2.37478	-13.93085   -8.83363	-2.36074	-13.64975  	-7.81297	-2.79679	-12.22737	
-11.02580	 0.72979	-16.66771	-6.00433	-0.56043	-13.26405 -6.78023	-0.32952	-14.25619   -6.93295	-0.26691	-13.95473  	-5.94787	-0.73327	-12.50586	
-11.88454	-0.29657	-16.51671	-6.94125	-1.72150	-12.97492 -7.63236	-1.47488	-13.97219   -7.81757	-1.50592	-13.69125  	-6.94517	-2.09174	-12.26094	
-9.96106	-1.44898	-16.98951	-5.08843	-3.07087	-13.42073 -5.85881	-2.72748	-14.38129   -6.10778	-2.69337	-14.07696  	-5.15274	-3.20558	-12.73624	
-10.91150	-2.06894	-16.71123	-5.83652	-3.47154	-13.17563 -6.67193	-3.22129	-14.03524   -6.79366	-3.14308	-13.73629  	-5.76844	-3.82317	-12.50497	
-10.74337	-2.04238	-16.64797	-5.60304	-3.28026	-13.13778 -6.38321	-2.96609	-14.02714   -6.45513	-2.93098	-13.72322  	-5.37913	-3.56736	-12.41199	
-11.49780	-2.29960	-16.41382	-6.54988	-4.01504	-12.78992 -7.32741	-3.86017	-13.79794   -7.41320	-3.81984	-13.47953  	-6.27522	-4.48271	-12.11368	
-10.84914	-0.63118	-16.55822	-6.07858	-1.91662	-13.06085 -6.84058	-1.72971	-13.97434   -6.94416	-1.66648	-13.62927  	-5.91728	-2.29929	-12.31579	
0          0         0        -7.46862	-1.63824	-12.81306 -8.25737	-1.38873	-13.70092   -8.39423	-1.29333	-13.34282  	-7.30415	-1.83115	-12.11358	
0          0         0        -6.20092	-0.93836	-13.13356 -6.96479	-0.66763	-14.09824   -7.09561	-0.56310	-13.75216  	-6.08061	-0.95030	-12.37819	
0          0         0        -6.73688	-1.26787	-13.10242 -7.52095	-1.09709	-13.99690   -7.62532	-1.02710	-13.62078  	-6.62561	-1.56696	-12.37555	
