[ 50%] Built target Main
Scanning dependencies of target 07-modelError
[100%] Building CXX object CMakeFiles/07-modelError.dir/exe/07-modelError.cpp.o
Linking CXX executable 07-modelError
[100%] Built target 07-modelError
Attempting to make dir: '/var/run/somatic/lft'
Attempting to make dir: '/var/run/somatic/01-gripperWeight'
dth1: -0.209440, dth2: 0.174533, dth2: -0.523599
num_th1: -0.209440, num_th2: 0.174533, num_th2: -0.523599
Generated 3270 goals!
 0.00000	 1.57080	 0.00000	-9.94654	-2.45583	-14.28382	 0.10653	 0.16625	-0.78806	
 0.00000	 1.57080	 0.52360	-8.97381	-1.08798	-14.36225	 0.13854	 0.14792	-0.79134	
 0.00000	 1.57080	 1.04720	-9.33853	-2.09681	-14.26254	 0.12172	 0.15472	-0.79177	
 0.00000	 1.57080	 1.57080	-6.87977	-2.45612	-14.81307	 0.11728	 0.10251	-0.78954	
 0.00000	 1.57080	 2.09440	-8.04138	-3.05574	-14.57554	 0.10531	 0.12962	-0.78822	
 0.00000	 1.57080	 2.61799	-8.16022	-3.50198	-14.36185	 0.09464	 0.13448	-0.78920	
 0.00000	 1.57080	 3.14159	-8.74096	-3.01875	-14.18525	 0.10039	 0.15013	-0.78814	
 0.00000	 1.57080	 3.66519	-8.85857	-1.69640	-14.18730	 0.12337	 0.15587	-0.78887	
 0.00000	 1.57080	 4.18879	-9.77900	-1.42668	-14.11174	 0.12738	 0.17471	-0.78891	
 0.00000	 1.57080	 4.71239	-8.67729	-0.64813	-14.33855	 0.14376	 0.14783	-0.79333	
 0.00000	 1.57080	 5.23599	-9.60065	-0.99574	-14.12835	 0.13491	 0.16600	-0.79014	
 0.00000	 1.57080	 5.75959	-9.02483	-2.48606	-14.45153	 0.10431	 0.14926	-0.78985	
 0.20944	 1.57080	 6.28319	-10.12378	-2.50007	-14.16615	 0.10246	 0.16966	-0.78719	
 0.20944	 1.57080	 5.75959	-9.15959	-2.60256	-14.40327	 0.10224	 0.14856	-0.78925	
 0.20944	 1.57080	 5.23599	-9.45712	-1.24847	-14.14792	 0.12987	 0.15946	-0.78980	
 0.20944	 1.57080	 4.71239	-8.53886	-0.60063	-14.24908	 0.14450	 0.14356	-0.79258	
 0.20944	 1.57080	 4.18879	-9.92995	-1.45795	-14.01962	 0.12573	 0.17545	-0.78871	
 0.20944	 1.57080	 3.66519	-8.92621	-1.42176	-14.13507	 0.12708	 0.15711	-0.78807	
 0.20944	 1.57080	 3.14159	-8.78573	-2.84068	-14.20977	 0.10095	 0.15204	-0.78748	
 0.20944	 1.57080	 2.61799	-8.22848	-3.10472	-14.38804	 0.09739	 0.13688	-0.78906	
 0.20944	 1.57080	 2.09440	-8.15842	-2.72571	-14.54198	 0.10946	 0.13297	-0.78738	
 0.20944	 1.57080	 1.57080	-6.91294	-2.35493	-14.80431	 0.12010	 0.10404	-0.78738	
 0.20944	 1.57080	 1.04720	-9.27992	-2.15629	-14.26968	 0.12266	 0.15336	-0.78985	
 0.20944	 1.57080	 0.52360	-8.96250	-0.94126	-14.34283	 0.14322	 0.14723	-0.78979	
 0.41888	 1.57080	 0.00000	-10.00412	-2.51819	-14.15827	 0.10696	 0.16522	-0.78632	
 0.41888	 1.57080	 0.52360	-8.95650	-1.15774	-14.29658	 0.13831	 0.14865	-0.79092	
 0.41888	 1.57080	 1.04720	-9.22477	-2.22618	-14.23121	 0.12077	 0.15406	-0.79104	
 0.41888	 1.57080	 1.57080	-6.85246	-2.47697	-14.72279	 0.11828	 0.10374	-0.78774	
 0.41888	 1.57080	 2.09440	-8.03518	-2.92022	-14.53244	 0.10640	 0.12944	-0.78704	
 0.41888	 1.57080	 2.61799	-8.26237	-3.27593	-14.31872	 0.09418	 0.13573	-0.78646	
 0.41888	 1.57080	 3.14159	-8.87449	-2.68026	-14.13345	 0.10154	 0.15270	-0.78741	
 0.41888	 1.57080	 3.66519	-8.98260	-1.47371	-14.13890	 0.12326	 0.15843	-0.78779	
 0.41888	 1.57080	 4.18879	-9.95619	-1.36061	-14.07649	 0.12585	 0.17762	-0.78896	
 0.41888	 1.57080	 4.71239	-8.85912	-0.71939	-14.26627	 0.14114	 0.14924	-0.79240	
 0.41888	 1.57080	 5.23599	-9.92280	-1.07281	-14.10459	 0.13244	 0.16862	-0.78928	
 0.41888	 1.57080	 5.75959	-9.24738	-2.61889	-14.35110	 0.10152	 0.14940	-0.78863	
 0.62832	 1.57080	 6.28319	-10.14488	-2.63129	-14.43993	 0.09677	 0.17171	-0.78713	
 0.62832	 1.57080	 5.75959	-9.19630	-2.66849	-14.57285	 0.09860	 0.14953	-0.78884	
 0.62832	 1.57080	 5.23599	-9.57443	-1.28010	-14.40131	 0.12980	 0.16274	-0.78949	
 0.62832	 1.57080	 4.71239	-8.68013	-0.62255	-14.47015	 0.14428	 0.14772	-0.79250	
 0.62832	 1.57080	 4.18879	-10.02000	-1.52503	-14.23280	 0.12430	 0.18002	-0.78840	
 0.62832	 1.57080	 3.66519	-9.08706	-1.34754	-14.34251	 0.12638	 0.16085	-0.78761	
 0.62832	 1.57080	 3.14159	-8.96398	-2.82564	-14.42102	 0.10057	 0.15277	-0.78675	
 0.62832	 1.57080	 2.61799	-8.43314	-3.26677	-14.59181	 0.09504	 0.13651	-0.78778	
 0.62832	 1.57080	 2.09440	-8.19897	-2.66178	-14.67429	 0.11027	 0.13078	-0.78873	
 0.62832	 1.57080	 1.57080	-6.84382	-2.23257	-14.87309	 0.12136	 0.10295	-0.78839	
 0.62832	 1.57080	 1.04720	-9.23434	-2.06167	-14.48601	 0.11959	 0.15305	-0.79064	
 0.62832	 1.57080	 0.52360	-8.95118	-0.85535	-14.27371	 0.14356	 0.14626	-0.78949	
 0.83776	 1.57080	 0.00000	-9.87048	-2.44199	-14.45036	 0.10046	 0.16683	-0.78676	
 0.83776	 1.57080	 0.52360	-8.98904	-0.97890	-14.55668	 0.13496	 0.15188	-0.79030	
 0.83776	 1.57080	 1.04720	-9.37995	-1.97087	-14.03524	 0.12445	 0.15676	-0.78973	
 0.83776	 1.57080	 1.57080	-7.02474	-2.23345	-14.67713	 0.12088	 0.10784	-0.78647	
 0.83776	 1.57080	 2.09440	-8.32102	-2.69408	-14.64112	 0.10803	 0.13184	-0.78651	
 0.83776	 1.57080	 2.61799	-8.51758	-3.43690	-14.50968	 0.08969	 0.13854	-0.78644	
 0.83776	 1.57080	 3.14159	-9.17285	-2.83762	-14.31769	 0.09848	 0.15622	-0.78599	
 0.83776	 1.57080	 3.66519	-9.25837	-1.78133	-14.18628	 0.11676	 0.16190	-0.78645	
 0.83776	 1.57080	 4.18879	-10.03961	-1.70402	-14.33312	 0.12310	 0.18074	-0.78787	
 0.83776	 1.57080	 4.71239	-8.81539	-0.94217	-14.45788	 0.13907	 0.14926	-0.79191	
 0.83776	 1.57080	 5.23599	-9.74921	-1.11249	-14.22913	 0.13242	 0.16781	-0.78859	
 0.83776	 1.57080	 5.75959	-9.08377	-2.61714	-14.59183	 0.09862	 0.14841	-0.78807	
 1.04720	 1.57080	 6.28319	-10.01948	-2.52645	-14.13650	 0.09897	 0.17114	-0.78709	
 1.04720	 1.57080	 5.75959	-9.03125	-2.61115	-14.27750	 0.10027	 0.14740	-0.78850	
 1.04720	 1.57080	 5.23599	-9.53940	-1.34540	-14.10751	 0.12822	 0.16152	-0.78939	
 1.04720	 1.57080	 4.71239	-8.67124	-0.88943	-14.21639	 0.14010	 0.14624	-0.79221	
 1.04720	 1.57080	 4.18879	-10.09682	-1.85319	-14.00144	 0.12008	 0.17893	-0.78789	
 1.04720	 1.57080	 3.66519	-9.28643	-1.61110	-14.08073	 0.12255	 0.16226	-0.78681	
 1.04720	 1.57080	 3.14159	-9.24685	-2.86455	-14.15201	 0.09813	 0.15664	-0.78667	
 1.04720	 1.57080	 2.61799	-8.70784	-3.30091	-14.14720	 0.09162	 0.14413	-0.78704	
 1.04720	 1.57080	 2.09440	-8.45995	-2.55517	-14.21799	 0.10850	 0.13871	-0.78728	
 1.04720	 1.57080	 1.57080	-7.05291	-2.02613	-14.63157	 0.12129	 0.10749	-0.78744	
 1.04720	 1.57080	 1.04720	-9.25996	-1.89341	-14.17464	 0.12221	 0.15408	-0.78997	
 1.04720	 1.57080	 0.52360	-8.91977	-0.70402	-14.17037	 0.14278	 0.14906	-0.79023	
 1.25664	 1.57080	 0.00000	-9.77994	-2.53736	-14.05155	 0.10266	 0.16504	-0.78701	
 1.25664	 1.57080	 0.52360	-8.95900	-0.93749	-14.08021	 0.13782	 0.15026	-0.78932	
 1.25664	 1.57080	 1.04720	-9.37175	-1.88326	-14.01046	 0.12177	 0.15641	-0.78994	
 1.25664	 1.57080	 1.57080	-7.10754	-2.08484	-14.47315	 0.11921	 0.10792	-0.78775	
 1.25664	 1.57080	 2.09440	-8.40517	-2.61166	-14.17146	 0.10637	 0.13595	-0.78663	
 1.25664	 1.57080	 2.61799	-8.76929	-3.40958	-14.07412	 0.08902	 0.14378	-0.78576	
 1.25664	 1.57080	 3.14159	-9.32547	-2.87336	-13.97308	 0.09727	 0.15959	-0.78609	
 1.25664	 1.57080	 3.66519	-9.34312	-1.78719	-13.90976	 0.11833	 0.16193	-0.78774	
 1.25664	 1.57080	 4.18879	-10.22619	-1.82088	-13.77485	 0.11797	 0.17908	-0.78838	
 1.25664	 1.57080	 4.71239	-8.89745	-1.06972	-14.09898	 0.13493	 0.14940	-0.79142	
 1.25664	 1.57080	 5.23599	-9.83709	-1.15233	-13.97387	 0.12941	 0.16868	-0.78919	
 1.25664	 1.57080	 5.75959	-9.01579	-2.57315	-14.20562	 0.10137	 0.14815	-0.78915	
 1.46608	 1.57080	 6.28319	-9.92631	-2.49971	-13.92956	 0.10225	 0.16923	-0.78628	
 1.46608	 1.57080	 5.75959	-8.96170	-2.64176	-14.22779	 0.09974	 0.14851	-0.78892	
 1.46608	 1.57080	 5.23599	-9.47956	-1.35373	-14.14847	 0.12488	 0.16191	-0.79010	
 1.46608	 1.57080	 4.71239	-8.73247	-0.94014	-14.17432	 0.13564	 0.14682	-0.79196	
 1.46608	 1.57080	 4.18879	-10.22322	-1.99018	-13.82414	 0.11512	 0.17813	-0.78758	
 1.46608	 1.57080	 3.66519	-9.45939	-1.66753	-14.01475	 0.12084	 0.16257	-0.78689	
 1.46608	 1.57080	 3.14159	-9.40854	-2.97488	-14.17306	 0.09536	 0.16095	-0.78692	
 1.46608	 1.57080	 2.61799	-8.90481	-3.27472	-14.21741	 0.08935	 0.14671	-0.78687	
 1.46608	 1.57080	 2.09440	-8.56603	-2.36667	-14.28429	 0.10810	 0.13921	-0.78681	
 1.46608	 1.57080	 1.57080	-7.14026	-1.84215	-14.62666	 0.12084	 0.10851	-0.78772	
 1.46608	 1.57080	 1.04720	-9.31156	-1.76354	-14.23430	 0.12252	 0.15458	-0.79045	
 1.46608	 1.57080	 0.52360	-8.88408	-0.66023	-14.15913	 0.14266	 0.14828	-0.78972	
 1.67552	 1.57080	 0.00000	-9.41627	-2.40238	-14.17239	 0.10425	 0.15909	-0.78760	
 1.67552	 1.57080	 0.52360	-8.84468	-0.74839	-14.16075	 0.14001	 0.14874	-0.78909	
 1.67552	 1.57080	 1.04720	-9.30718	-1.56558	-14.28522	 0.12511	 0.15699	-0.79106	
 1.67552	 1.57080	 1.57080	-7.18715	-1.69879	-14.65763	 0.12295	 0.11048	-0.78836	
 1.67552	 1.57080	 2.09440	-8.74302	-2.43049	-14.29469	 0.10770	 0.14135	-0.78703	
 1.67552	 1.57080	 2.61799	-9.04752	-3.45689	-14.27547	 0.08546	 0.14822	-0.78567	
 1.67552	 1.57080	 3.14159	-9.69122	-2.87124	-14.28478	 0.09533	 0.16535	-0.78687	
 1.67552	 1.57080	 3.66519	-9.66717	-1.93484	-14.15678	 0.11451	 0.16597	-0.78778	
 1.67552	 1.57080	 4.18879	-10.18423	-2.05557	-14.01250	 0.11260	 0.17842	-0.78924	
 1.67552	 1.57080	 4.71239	-8.87498	-1.23396	-14.32974	 0.13012	 0.14980	-0.79169	
 1.67552	 1.57080	 5.23599	-9.72785	-1.38687	-14.32285	 0.12477	 0.16741	-0.79020	
 1.67552	 1.57080	 5.75959	-8.85257	-2.71859	-14.50473	 0.09771	 0.14637	-0.78962	
 1.88496	 1.57080	 6.28319	-9.72687	-2.21265	-14.30747	 0.10222	 0.16651	-0.78892	
 1.88496	 1.57080	 5.75959	-8.53847	-2.49638	-14.74177	 0.09552	 0.14569	-0.78575	
 1.88496	 1.57080	 5.23599	-9.40876	-1.52105	-14.75055	 0.11809	 0.16065	-0.79034	
 1.88496	 1.57080	 4.71239	-8.83111	-1.20323	-14.60587	 0.12825	 0.14855	-0.79270	
 1.88496	 1.57080	 4.18879	-10.02062	-2.47670	-14.28144	 0.10665	 0.17860	-0.79116	
 1.88496	 1.57080	 3.66519	-9.69256	-2.09010	-14.58672	 0.11450	 0.16945	-0.78436	
 1.88496	 1.57080	 3.14159	-9.72289	-2.97145	-14.72791	 0.09167	 0.16885	-0.78653	
 1.88496	 1.57080	 2.61799	-9.19311	-3.18204	-14.54133	 0.08820	 0.15258	-0.78730	
 1.88496	 1.57080	 2.09440	-9.09994	-2.29989	-14.54099	 0.10913	 0.14505	-0.79073	
 1.88496	 1.57080	 1.57080	-7.50530	-1.23627	-15.00333	 0.12808	 0.11027	-0.78408	
 1.88496	 1.57080	 1.04720	-9.23799	-1.42930	-14.66801	 0.12751	 0.15364	-0.79045	
 1.88496	 1.57080	 0.52360	-8.65270	-0.43087	-14.47184	 0.14505	 0.14409	-0.78967	
 2.09440	 1.57080	 0.00000	-9.33833	-2.36865	-14.67133	 0.10293	 0.15515	-0.78749	
 2.09440	 1.57080	 0.52360	-8.70968	-0.62769	-14.67858	 0.14310	 0.14792	-0.78990	
 2.09440	 1.57080	 1.04720	-9.67580	-1.28005	-14.81659	 0.13065	 0.16138	-0.78630	
 2.09440	 1.57080	 1.57080	-7.88902	-1.66330	-15.15642	 0.12876	 0.11742	-0.79321	
 2.09440	 1.57080	 2.09440	-8.87380	-2.38409	-14.82386	 0.10794	 0.14517	-0.78618	
 2.09440	 1.57080	 2.61799	-9.23062	-3.35220	-14.77840	 0.08106	 0.15411	-0.78619	
 2.09440	 1.57080	 3.14159	-9.85074	-3.28115	-15.10807	 0.08387	 0.17270	-0.78365	
 2.09440	 1.57080	 3.66519	-9.23227	-2.38509	-14.94498	 0.10384	 0.16921	-0.79496	
 2.09440	 1.57080	 4.18879	-10.24341	-2.25997	-14.60359	 0.10415	 0.18141	-0.78894	
 2.09440	 1.57080	 4.71239	-8.96327	-1.45470	-14.86056	 0.12279	 0.14913	-0.79256	
 2.09440	 1.57080	 5.23599	-9.15362	-1.10368	-14.91347	 0.12114	 0.16079	-0.78239	
 2.09440	 1.57080	 5.75959	-8.53235	-1.83324	-14.98183	 0.10056	 0.14315	-0.79322	
 2.30383	 1.57080	 6.28319	-9.69457	-2.35296	-15.21046	 0.10360	 0.15757	-0.78835	
 2.30383	 1.57080	 5.75959	-8.81086	-2.65281	-15.36738	 0.09547	 0.13890	-0.79057	
 2.30383	 1.57080	 5.23599	-9.28793	-1.49762	-15.42785	 0.11765	 0.15045	-0.78982	
 2.30383	 1.57080	 4.71239	-8.78613	-1.14625	-15.45231	 0.12555	 0.14103	-0.79421	
 2.30383	 1.57080	 4.18879	-10.43111	-2.22601	-15.08343	 0.09713	 0.18311	-0.78917	
 2.30383	 1.57080	 3.66519	-9.84609	-1.81322	-15.47681	 0.10046	 0.17837	-0.78809	
 2.30383	 1.57080	 3.14159	-9.89553	-3.18985	-15.59240	 0.07620	 0.17674	-0.78566	
 2.30383	 1.57080	 2.61799	-9.21252	-3.15557	-15.55210	 0.08155	 0.15882	-0.78814	
 2.30383	 1.57080	 2.09440	-8.80382	-2.03900	-15.43097	 0.11401	 0.15113	-0.78698	
 2.30383	 1.57080	 1.57080	-7.22074	-0.88144	-15.70837	 0.14351	 0.11769	-0.78840	
 2.30383	 1.57080	 1.04720	-9.33430	-1.60676	-15.33973	 0.12742	 0.15957	-0.79033	
 2.30383	 1.57080	 0.52360	-8.81562	-0.29400	-15.36595	 0.15156	 0.14983	-0.79096	
 2.51327	 1.57080	 0.00000	-9.36468	-2.37220	-14.99529	 0.10235	 0.15651	-0.78790	
 2.51327	 1.57080	 0.52360	-8.66423	-0.54618	-15.03005	 0.14184	 0.14911	-0.78943	
 2.51327	 1.57080	 1.04720	-9.38027	-1.31426	-15.18921	 0.13001	 0.16187	-0.78992	
 2.51327	 1.57080	 1.57080	-7.43198	-1.12627	-15.44447	 0.13269	 0.11776	-0.78711	
 2.51327	 1.57080	 2.09440	-8.97862	-2.22619	-15.08581	 0.10704	 0.14850	-0.78675	
 2.51327	 1.57080	 2.61799	-9.44486	-3.25111	-15.20157	 0.08090	 0.15743	-0.78603	
 2.51327	 1.57080	 3.14159	-10.10524	-2.86401	-15.38370	 0.08330	 0.17663	-0.78594	
 2.51327	 1.57080	 3.66519	-9.92303	-1.99461	-15.14145	 0.10352	 0.17470	-0.78707	
 2.51327	 1.57080	 4.18879	-10.42643	-2.15650	-14.90984	 0.10426	 0.18307	-0.78938	
 2.51327	 1.57080	 4.71239	-9.06200	-1.62698	-15.24197	 0.11996	 0.14968	-0.79218	
 2.51327	 1.57080	 5.23599	-9.71358	-1.51145	-15.30365	 0.11843	 0.16322	-0.78901	
 2.51327	 1.57080	 5.75959	-8.79043	-2.63179	-15.29809	 0.09496	 0.14387	-0.78933	
 2.72271	 1.57080	 6.28319	-9.72956	-2.42627	-14.84835	 0.09805	 0.16802	-0.78648	
 2.72271	 1.57080	 5.75959	-8.75418	-2.68031	-15.25035	 0.09453	 0.14612	-0.79045	
 2.72271	 1.57080	 5.23599	-9.41991	-1.61691	-15.21662	 0.11668	 0.16077	-0.79016	
 2.72271	 1.57080	 4.71239	-8.96287	-1.49761	-15.19786	 0.12260	 0.15040	-0.79160	
 2.72271	 1.57080	 4.18879	-10.59410	-2.37638	-14.81584	 0.10319	 0.18449	-0.78768	
 2.72271	 1.57080	 3.66519	-10.02608	-1.86102	-15.05565	 0.11090	 0.17282	-0.78825	
 2.72271	 1.57080	 3.14159	-10.20428	-2.89794	-15.22191	 0.08706	 0.17423	-0.78671	
 2.72271	 1.57080	 2.61799	-9.57945	-3.11584	-15.19344	 0.08268	 0.15762	-0.78608	
 2.72271	 1.57080	 2.09440	-9.12891	-1.96904	-15.17297	 0.10717	 0.14853	-0.78690	
 2.72271	 1.57080	 1.57080	-7.35435	-1.20654	-15.53932	 0.12426	 0.11372	-0.78815	
 2.72271	 1.57080	 1.04720	-9.35299	-1.09392	-15.21856	 0.12830	 0.15985	-0.79045	
 2.72271	 1.57080	 0.52360	-8.65207	-0.26671	-15.11572	 0.14209	 0.14915	-0.78853	
 2.93215	 1.57080	 0.00000	-9.32192	-2.38323	-15.00268	 0.09907	 0.16077	-0.78753	
 2.93215	 1.57080	 0.52360	-8.77750	-0.55479	-15.15013	 0.13587	 0.15124	-0.78830	
 2.93215	 1.57080	 1.04720	-9.53761	-1.17703	-15.18599	 0.12460	 0.16388	-0.79072	
 2.93215	 1.57080	 1.57080	-7.48603	-1.25827	-15.51218	 0.12210	 0.11632	-0.78755	
 2.93215	 1.57080	 2.09440	-9.11500	-2.09274	-15.16215	 0.10455	 0.14766	-0.78698	
 2.93215	 1.57080	 2.61799	-9.59276	-3.29826	-15.20239	 0.08068	 0.15621	-0.78458	
 2.93215	 1.57080	 3.14159	-10.29538	-2.81950	-15.17314	 0.08966	 0.17426	-0.78622	
 2.93215	 1.57080	 3.66519	-10.14675	-2.00831	-15.06188	 0.10822	 0.17247	-0.78759	
 2.93215	 1.57080	 4.18879	-10.59468	-2.29738	-14.84103	 0.10482	 0.18396	-0.78888	
 2.93215	 1.57080	 4.71239	-9.13855	-1.66840	-15.24208	 0.11936	 0.15446	-0.79111	
 2.93215	 1.57080	 5.23599	-9.80758	-1.53712	-15.19065	 0.11843	 0.17052	-0.78964	
 2.93215	 1.57080	 5.75959	-8.81474	-2.69926	-15.27991	 0.09408	 0.14968	-0.78976	
 3.14159	 1.57080	 6.28319	-9.78207	-2.33433	-15.08118	 0.09750	 0.17068	-0.78571	
 3.14159	 1.57080	 5.75959	-8.80425	-2.66623	-15.36397	 0.09399	 0.15141	-0.78970	
 3.14159	 1.57080	 5.23599	-9.48014	-1.71635	-15.37118	 0.11384	 0.16711	-0.79000	
 3.14159	 1.57080	 4.71239	-9.09245	-1.52772	-15.43012	 0.12021	 0.15542	-0.79195	
 3.14159	 1.57080	 4.18879	-10.73566	-2.40345	-14.97626	 0.10237	 0.18587	-0.78703	
 3.14159	 1.57080	 3.66519	-10.19961	-1.84483	-15.17630	 0.11366	 0.17257	-0.78786	
 3.14159	 1.57080	 3.14159	-10.42950	-2.92248	-15.28117	 0.08974	 0.17511	-0.78670	
 3.14159	 1.57080	 2.61799	-9.62065	-2.93560	-15.39792	 0.08681	 0.15656	-0.78634	
 3.14159	 1.57080	 2.09440	-9.17863	-1.85281	-15.31667	 0.10575	 0.14925	-0.78667	
 3.14159	 1.57080	 1.57080	-7.42366	-0.66753	-15.67415	 0.12906	 0.11500	-0.78829	
 3.14159	 1.57080	 1.04720	-9.34607	-1.18362	-15.37273	 0.11887	 0.15749	-0.79068	
 3.14159	 1.57080	 0.52360	-8.72440	-0.13998	-15.36168	 0.14069	 0.14926	-0.78905	
 3.35103	 1.57080	 0.00000	-9.29167	-2.37590	-15.21270	 0.09791	 0.16359	-0.78636	
 3.35103	 1.57080	 0.52360	-8.80720	-0.35764	-15.37129	 0.13521	 0.15281	-0.78932	
 3.35103	 1.57080	 1.04720	-9.58333	-0.95856	-15.37271	 0.12233	 0.16541	-0.79171	
 3.35103	 1.57080	 1.57080	-7.57382	-0.84910	-15.71039	 0.12323	 0.11920	-0.78771	
 3.35103	 1.57080	 2.09440	-9.20662	-1.93591	-15.36424	 0.10266	 0.14948	-0.78594	
 3.35103	 1.57080	 2.61799	-9.74570	-3.19055	-15.41890	 0.08119	 0.15785	-0.78576	
 3.35103	 1.57080	 3.14159	-10.49951	-2.85880	-15.34313	 0.08888	 0.17484	-0.78700	
 3.35103	 1.57080	 3.66519	-10.30105	-1.96919	-15.25217	 0.11032	 0.17222	-0.78802	
 3.35103	 1.57080	 4.18879	-10.83644	-2.30836	-15.03621	 0.10498	 0.18647	-0.78696	
 3.35103	 1.57080	 4.71239	-9.18025	-1.74332	-15.47061	 0.11762	 0.15613	-0.79193	
 3.35103	 1.57080	 5.23599	-9.74021	-1.64965	-15.30162	 0.11657	 0.17286	-0.79063	
 3.35103	 1.57080	 5.75959	-8.78787	-2.61869	-15.37033	 0.09537	 0.15298	-0.78903	
 3.56047	 1.57080	 6.28319	-9.93754	-2.45150	-15.08937	 0.09364	 0.17578	-0.78715	
 3.56047	 1.57080	 5.75959	-8.85848	-2.50828	-15.34935	 0.09522	 0.15491	-0.78883	
 3.56047	 1.57080	 5.23599	-9.49122	-1.67177	-15.38392	 0.11344	 0.16839	-0.79063	
 3.56047	 1.57080	 4.71239	-9.21666	-1.48516	-15.44032	 0.11927	 0.15664	-0.79288	
 3.56047	 1.57080	 4.18879	-10.84555	-2.25068	-15.01116	 0.10480	 0.18745	-0.78794	
 3.56047	 1.57080	 3.66519	-10.23541	-1.81667	-15.17992	 0.11316	 0.17214	-0.78800	
 3.56047	 1.57080	 3.14159	-10.51974	-2.87380	-15.32240	 0.08896	 0.17660	-0.78685	
 3.56047	 1.57080	 2.61799	-9.73289	-2.98427	-15.45882	 0.08220	 0.15976	-0.78788	
 3.56047	 1.57080	 2.09440	-9.19693	-1.82779	-15.40060	 0.10270	 0.15037	-0.78726	
 3.56047	 1.57080	 1.57080	-7.54780	-1.02225	-15.71660	 0.11743	 0.11718	-0.78815	
 3.56047	 1.57080	 1.04720	-9.59050	-0.82056	-15.39431	 0.12338	 0.16401	-0.79090	
 3.56047	 1.57080	 0.52360	-8.85211	-0.27880	-15.45448	 0.13678	 0.15322	-0.79022	
 3.76991	 1.57080	 0.00000	-9.57927	-2.42327	-15.36660	 0.09501	 0.16643	-0.78753	
 3.76991	 1.57080	 0.52360	-8.88300	-0.53491	-15.49472	 0.13243	 0.15277	-0.79106	
 3.76991	 1.57080	 1.04720	-9.74646	-0.81545	-15.39484	 0.12415	 0.16650	-0.79210	
 3.76991	 1.57080	 1.57080	-7.62232	-1.13864	-15.77032	 0.11655	 0.11875	-0.78860	
 3.76991	 1.57080	 2.09440	-9.13957	-1.94236	-15.53867	 0.10163	 0.14986	-0.78745	
 3.76991	 1.57080	 2.61799	-9.73957	-3.09622	-15.55938	 0.08034	 0.16064	-0.78736	
 3.76991	 1.57080	 3.14159	-10.59829	-2.75365	-15.37192	 0.09057	 0.17986	-0.78754	
 3.76991	 1.57080	 3.66519	-10.26647	-1.90914	-15.37303	 0.10885	 0.17391	-0.78795	
 3.76991	 1.57080	 4.18879	-10.87571	-2.14666	-15.23648	 0.10304	 0.18836	-0.78928	
 3.76991	 1.57080	 4.71239	-9.40713	-1.67599	-15.61910	 0.11305	 0.16061	-0.79297	
 3.76991	 1.57080	 5.23599	-9.89741	-1.45835	-15.46165	 0.11302	 0.17728	-0.78986	
 3.76991	 1.57080	 5.75959	-8.96848	-2.50858	-15.60970	 0.09217	 0.15620	-0.78955	
 3.97935	 1.57080	 6.28319	-10.03666	-2.39838	-15.69965	 0.09270	 0.17244	-0.78781	
 3.97935	 1.57080	 5.75959	-9.06902	-2.42330	-15.89245	 0.08898	 0.15888	-0.78909	
 3.97935	 1.57080	 5.23599	-9.74289	-1.45192	-15.98946	 0.10522	 0.17669	-0.79069	
 3.97935	 1.57080	 4.71239	-9.31642	-1.38388	-15.97165	 0.11043	 0.16265	-0.79464	
 3.97935	 1.57080	 4.18879	-10.95432	-2.13913	-15.53700	 0.09909	 0.19218	-0.78878	
 3.97935	 1.57080	 3.66519	-10.15855	-1.61362	-15.63351	 0.11682	 0.17586	-0.78708	
 3.97935	 1.57080	 3.14159	-10.47158	-2.77281	-15.70449	 0.09262	 0.18068	-0.78834	
 3.97935	 1.57080	 2.61799	-9.62991	-2.81711	-15.76364	 0.08649	 0.16186	-0.78967	
 3.97935	 1.57080	 2.09440	-9.18691	-1.74626	-15.89059	 0.10464	 0.15255	-0.78809	
 3.97935	 1.57080	 1.57080	-7.63124	-0.71201	-16.26070	 0.12387	 0.11419	-0.78747	
 3.97935	 1.57080	 1.04720	-9.68098	-1.06785	-15.78779	 0.11759	 0.15930	-0.79274	
 3.97935	 1.57080	 0.52360	-8.96808	-0.21158	-15.94561	 0.13737	 0.14794	-0.79271	
 4.18879	 1.57080	 0.00000	-9.91642	-2.40257	-15.56656	 0.09403	 0.17104	-0.78724	
 4.18879	 1.57080	 0.52360	-9.09701	-0.54812	-15.70498	 0.13203	 0.15460	-0.79163	
 4.18879	 1.57080	 1.04720	-9.93965	-1.02679	-15.57260	 0.12102	 0.16882	-0.79160	
 4.18879	 1.57080	 1.57080	-7.85043	-1.06811	-15.98646	 0.11794	 0.12257	-0.78757	
 4.18879	 1.57080	 2.09440	-9.16919	-1.97378	-15.74463	 0.09927	 0.15153	-0.78685	
 4.18879	 1.57080	 2.61799	-9.66905	-3.00231	-15.68960	 0.08061	 0.16233	-0.78855	
 4.18879	 1.57080	 3.14159	-10.52442	-2.56128	-15.47957	 0.09060	 0.18118	-0.78702	
 4.18879	 1.57080	 3.66519	-10.25042	-1.73044	-15.50038	 0.10971	 0.17473	-0.78717	
 4.18879	 1.57080	 4.18879	-11.06345	-1.79209	-15.39686	 0.10501	 0.19297	-0.78795	
 4.18879	 1.57080	 4.71239	-9.63523	-1.45129	-15.80055	 0.11088	 0.16455	-0.79280	
 4.18879	 1.57080	 5.23599	-10.16680	-1.39805	-15.66080	 0.10945	 0.17993	-0.78935	
 4.18879	 1.57080	 5.75959	-9.24435	-2.38507	-15.70319	 0.09157	 0.15987	-0.78849	
 4.39823	 1.57080	 6.28319	-10.44497	-2.41477	-15.45043	 0.09151	 0.18314	-0.78636	
 4.39823	 1.57080	 5.75959	-9.35973	-2.31465	-15.73096	 0.09401	 0.16073	-0.78972	
 4.39823	 1.57080	 5.23599	-9.99759	-1.40506	-15.54587	 0.11143	 0.17348	-0.79016	
 4.39823	 1.57080	 4.71239	-9.55836	-1.14556	-15.62600	 0.11819	 0.16177	-0.79233	
 4.39823	 1.57080	 4.18879	-11.06984	-1.78428	-15.36518	 0.10495	 0.19244	-0.78795	
 4.39823	 1.57080	 3.66519	-10.15261	-1.49863	-15.49827	 0.11117	 0.17244	-0.78816	
 4.39823	 1.57080	 3.14159	-10.43262	-2.63651	-15.45939	 0.08634	 0.17955	-0.78752	
 4.39823	 1.57080	 2.61799	-9.59399	-2.89429	-15.65520	 0.07943	 0.16077	-0.78783	
 4.39823	 1.57080	 2.09440	-9.28405	-1.94195	-15.77136	 0.09754	 0.15455	-0.78745	
 4.39823	 1.57080	 1.57080	-7.83442	-1.39384	-16.03208	 0.11005	 0.12324	-0.78855	
 4.39823	 1.57080	 1.04720	-9.98469	-0.99601	-15.48458	 0.12067	 0.17056	-0.79134	
 4.39823	 1.57080	 0.52360	-9.21043	-0.45906	-15.59157	 0.13118	 0.15759	-0.79014	
 4.60767	 1.57080	 0.00000	-10.42446	-2.21327	-15.59610	 0.09470	 0.18164	-0.78652	
 4.60767	 1.57080	 0.52360	-9.47057	-0.66769	-15.66619	 0.12666	 0.16142	-0.79137	
 4.60767	 1.57080	 1.04720	-10.27832	-1.08314	-15.60039	 0.11912	 0.17533	-0.79004	
 4.60767	 1.57080	 1.57080	-7.95712	-1.63963	-16.16091	 0.10547	 0.12691	-0.78746	
 4.60767	 1.57080	 2.09440	-9.30744	-2.12262	-15.95806	 0.09417	 0.15494	-0.78654	
 4.60767	 1.57080	 2.61799	-9.61392	-3.17964	-15.80821	 0.07464	 0.16027	-0.78760	
 4.60767	 1.57080	 3.14159	-10.43424	-2.46087	-15.60012	 0.08820	 0.17980	-0.78607	
 4.60767	 1.57080	 3.66519	-10.25326	-1.57399	-15.70155	 0.10657	 0.17383	-0.78725	
 4.60767	 1.57080	 4.18879	-10.84712	-1.53539	-15.59477	 0.10797	 0.18701	-0.78799	
 4.60767	 1.57080	 4.71239	-9.69750	-1.22854	-15.73016	 0.11406	 0.16413	-0.79261	
 4.60767	 1.57080	 5.23599	-10.61998	-0.79187	-15.53221	 0.12100	 0.18649	-0.78847	
 4.60767	 1.57080	 5.75959	-9.59165	-2.28140	-15.85590	 0.09371	 0.16312	-0.78853	
 4.81711	 1.57080	 6.28319	-10.87887	-2.00863	-15.87952	 0.09535	 0.19141	-0.78718	
 4.81711	 1.57080	 5.75959	-9.57306	-2.19224	-16.11236	 0.09442	 0.16435	-0.78853	
 4.81711	 1.57080	 5.23599	-10.39363	-0.89636	-15.78976	 0.12003	 0.18228	-0.78788	
 4.81711	 1.57080	 4.71239	-9.67764	-0.91835	-15.90959	 0.11966	 0.16274	-0.79121	
 4.81711	 1.57080	 4.18879	-10.82679	-1.52917	-15.83372	 0.10787	 0.18648	-0.78864	
 4.81711	 1.57080	 3.66519	-10.12648	-1.42301	-15.96296	 0.10989	 0.17152	-0.78687	
 4.81711	 1.57080	 3.14159	-10.49418	-2.73704	-15.88816	 0.08332	 0.17881	-0.78605	
 4.81711	 1.57080	 2.61799	-9.56939	-3.09102	-16.04847	 0.07424	 0.16094	-0.78780	
 4.81711	 1.57080	 2.09440	-9.38489	-2.11599	-16.24207	 0.09158	 0.15647	-0.78812	
 4.81711	 1.57080	 1.57080	-8.12902	-1.48184	-16.46378	 0.10494	 0.13032	-0.78762	
 4.81711	 1.57080	 1.04720	-10.26789	-1.01709	-15.88102	 0.11662	 0.17659	-0.78987	
 4.81711	 1.57080	 0.52360	-9.69320	-0.46886	-15.92021	 0.12941	 0.16592	-0.78969	
 5.02655	 1.57080	 0.00000	-10.68641	-2.27210	-16.28209	 0.09003	 0.18976	-0.78611	
 5.02655	 1.57080	 0.52360	-9.78162	-0.66732	-16.30496	 0.12224	 0.17049	-0.78896	
 5.02655	 1.57080	 1.04720	-10.50755	-1.03193	-16.12358	 0.11318	 0.18105	-0.79098	
 5.02655	 1.57080	 1.57080	-8.17077	-1.67708	-17.02045	 0.09462	 0.13177	-0.78821	
 5.02655	 1.57080	 2.09440	-9.10382	-2.27438	-16.68650	 0.08465	 0.15016	-0.78771	
 5.02655	 1.57080	 2.61799	-9.62672	-3.21753	-16.39523	 0.06929	 0.15856	-0.78732	
 5.02655	 1.57080	 3.14159	-10.40893	-2.67295	-16.01974	 0.08358	 0.17606	-0.78665	
 5.02655	 1.57080	 3.66519	-10.21871	-1.79010	-16.25643	 0.10169	 0.16948	-0.78769	
 5.02655	 1.57080	 4.18879	-10.93115	-1.45149	-16.17194	 0.10873	 0.18658	-0.78837	
 5.02655	 1.57080	 4.71239	-9.90529	-1.06758	-16.27506	 0.11716	 0.16734	-0.79082	
 5.02655	 1.57080	 5.23599	-10.74623	-0.59100	-15.95357	 0.12327	 0.19259	-0.78834	
 5.02655	 1.57080	 5.75959	-9.78865	-2.10333	-16.54298	 0.09550	 0.17196	-0.78899	
 5.23599	 1.57080	 6.28319	-11.14432	-2.08889	-16.64898	 0.10004	 0.20147	-0.78603	
 5.23599	 1.57080	 5.75959	-9.83806	-2.00987	-16.79566	 0.10349	 0.17453	-0.78823	
 5.23599	 1.57080	 5.23599	-10.59917	-0.56952	-16.42175	 0.12890	 0.18921	-0.78978	
 5.23599	 1.57080	 4.71239	-9.81436	-0.74315	-16.63648	 0.12342	 0.16253	-0.79103	
 5.23599	 1.57080	 4.18879	-10.86218	-1.42113	-16.55516	 0.10657	 0.17939	-0.78797	
 5.23599	 1.57080	 3.66519	-10.02428	-1.28154	-16.72602	 0.10966	 0.16066	-0.78723	
 5.23599	 1.57080	 3.14159	-10.37065	-2.69429	-16.64647	 0.08106	 0.16928	-0.78802	
 5.23599	 1.57080	 2.61799	-9.67631	-3.04091	-16.86973	 0.06609	 0.16256	-0.78838	
 5.23599	 1.57080	 2.09440	-9.43178	-2.27099	-17.27308	 0.07433	 0.16583	-0.78690	
 5.23599	 1.57080	 1.57080	-8.07524	-1.69940	-17.50232	 0.08758	 0.13570	-0.78754	
 5.23599	 1.57080	 1.04720	-10.51245	-1.16467	-16.64540	 0.10574	 0.18485	-0.79162	
 5.23599	 1.57080	 0.52360	-9.84657	-0.36536	-16.76809	 0.13191	 0.17564	-0.78903	
 5.44543	 1.57080	 0.00000	-10.91488	-2.20026	-16.32668	 0.09201	 0.19010	-0.78596	
 5.44543	 1.57080	 0.52360	-10.00276	-0.72133	-16.33672	 0.12362	 0.17228	-0.78886	
 5.44543	 1.57080	 1.04720	-10.59328	-1.17795	-16.16906	 0.11170	 0.18368	-0.79072	
 5.44543	 1.57080	 1.57080	-8.16138	-1.82267	-16.99879	 0.09363	 0.13228	-0.78719	
 5.44543	 1.57080	 2.09440	-9.44520	-2.26793	-16.69430	 0.08435	 0.15992	-0.78655	
 5.44543	 1.57080	 2.61799	-9.66526	-3.19269	-16.46631	 0.06756	 0.16326	-0.78720	
 5.44543	 1.57080	 3.14159	-10.47050	-2.39768	-16.15075	 0.08470	 0.17795	-0.78623	
 5.44543	 1.57080	 3.66519	-10.17519	-1.37249	-16.34455	 0.10644	 0.17058	-0.78684	
 5.44543	 1.57080	 4.18879	-10.87150	-1.27563	-16.25260	 0.10814	 0.18626	-0.78844	
 5.44543	 1.57080	 4.71239	-9.98610	-0.90875	-16.41971	 0.11630	 0.16666	-0.79049	
 5.44543	 1.57080	 5.23599	-10.64501	-0.63463	-16.15587	 0.12197	 0.18648	-0.78814	
 5.44543	 1.57080	 5.75959	-10.01674	-1.97515	-16.57315	 0.09697	 0.17332	-0.78787	
 5.65487	 1.57080	 6.28319	-11.36627	-1.70489	-16.05418	 0.09776	 0.19821	-0.78651	
 5.65487	 1.57080	 5.75959	-10.00576	-1.97454	-16.34917	 0.09506	 0.17051	-0.78829	
 5.65487	 1.57080	 5.23599	-10.57512	-0.58038	-16.01095	 0.12084	 0.18380	-0.78752	
 5.65487	 1.57080	 4.71239	-10.00508	-0.70179	-16.10684	 0.11780	 0.16965	-0.79089	
 5.65487	 1.57080	 4.18879	-10.70254	-1.15658	-16.02919	 0.11015	 0.18520	-0.78867	
 5.65487	 1.57080	 3.66519	-9.97967	-1.21748	-16.19912	 0.10909	 0.16926	-0.78741	
 5.65487	 1.57080	 3.14159	-10.32914	-2.58716	-16.01432	 0.08175	 0.17764	-0.78587	
 5.65487	 1.57080	 2.61799	-9.63417	-3.10528	-16.26077	 0.07267	 0.16415	-0.78847	
 5.65487	 1.57080	 2.09440	-9.39545	-2.42525	-16.53604	 0.08501	 0.15755	-0.78783	
 5.65487	 1.57080	 1.57080	-8.45293	-1.80664	-16.81927	 0.09700	 0.13792	-0.78820	
 5.65487	 1.57080	 1.04720	-10.57735	-1.22048	-16.13887	 0.11225	 0.18159	-0.78993	
 5.65487	 1.57080	 0.52360	-10.58671	-0.92979	-16.19807	 0.11807	 0.18045	-0.79004	
 5.86431	 1.57080	 0.00000	-11.08526	-2.22135	-16.12904	 0.08883	 0.18885	-0.78723	
 5.86431	 1.57080	 0.52360	-10.51474	-1.11569	-16.08151	 0.11426	 0.17751	-0.78980	
 5.86431	 1.57080	 1.04720	-10.75191	-1.22216	-15.95634	 0.11223	 0.18401	-0.78951	
 5.86431	 1.57080	 1.57080	-8.47845	-1.93238	-16.57954	 0.09660	 0.13635	-0.78800	
 5.86431	 1.57080	 2.09440	-9.36845	-2.39707	-16.38598	 0.08743	 0.15674	-0.78779	
 5.86431	 1.57080	 2.61799	-9.60097	-3.54383	-16.19310	 0.06338	 0.16171	-0.78728	
 5.86431	 1.57080	 3.14159	-10.42085	-2.32329	-15.94952	 0.08566	 0.18102	-0.78514	
 5.86431	 1.57080	 3.66519	-10.03940	-1.29851	-16.12352	 0.10534	 0.17256	-0.78681	
 5.86431	 1.57080	 4.18879	-10.98115	-1.12388	-16.00899	 0.10737	 0.19176	-0.78887	
 5.86431	 1.57080	 4.71239	-9.99826	-0.77714	-16.11998	 0.11483	 0.16959	-0.79083	
 5.86431	 1.57080	 5.23599	-10.76160	-0.51589	-15.92618	 0.11931	 0.18691	-0.78743	
 5.86431	 1.57080	 5.75959	-10.10384	-1.93680	-16.25551	 0.09232	 0.17065	-0.78878	
 6.07375	 1.57080	 6.28319	-11.40156	-2.16181	-15.89066	 0.08648	 0.19561	-0.78650	
 6.07375	 1.57080	 5.75959	-10.08207	-1.93153	-16.08892	 0.09150	 0.16878	-0.78902	
 6.07375	 1.57080	 5.23599	-10.59200	-0.56618	-15.85069	 0.11783	 0.18169	-0.78811	
 6.07375	 1.57080	 4.71239	-9.95829	-0.61163	-15.98786	 0.11797	 0.16895	-0.79124	
 6.07375	 1.57080	 4.18879	-10.94584	-1.14627	-15.80348	 0.10736	 0.19228	-0.78815	
 6.07375	 1.57080	 3.66519	-9.98429	-1.24002	-15.97310	 0.10696	 0.17322	-0.78736	
 6.07375	 1.57080	 3.14159	-10.32422	-2.70606	-15.88176	 0.07903	 0.18017	-0.78574	
 6.07375	 1.57080	 2.61799	-9.69751	-3.14978	-16.12227	 0.07166	 0.16504	-0.78808	
 6.07375	 1.57080	 2.09440	-9.43577	-2.42489	-16.30504	 0.08750	 0.15750	-0.78777	
 6.07375	 1.57080	 1.57080	-8.48111	-1.84441	-16.53013	 0.09975	 0.13525	-0.78877	
 6.07375	 1.57080	 1.04720	-10.67389	-1.20989	-15.97082	 0.11366	 0.18159	-0.79014	
 6.07375	 1.57080	 0.52360	-10.21510	-0.40811	-16.12921	 0.12686	 0.17286	-0.79000	
 6.28319	 1.39626	 0.00000	-11.10304	-2.19727	-16.01534	 0.08623	 0.18787	-0.78684	
 6.28319	 1.39626	 0.52360	-10.18772	-0.72697	-16.03747	 0.11970	 0.17127	-0.78927	
 6.28319	 1.39626	 1.04720	-10.75785	-1.31775	-15.91364	 0.11133	 0.18322	-0.79093	
 6.28319	 1.39626	 1.57080	-8.38443	-1.90942	-16.45786	 0.09909	 0.13230	-0.78756	
 6.28319	 1.39626	 2.09440	-9.38075	-2.30326	-16.21388	 0.08987	 0.15571	-0.78666	
 6.28319	 1.39626	 2.61799	-9.67495	-3.23683	-16.11327	 0.06874	 0.16286	-0.78668	
 6.28319	 1.39626	 3.14159	-10.43882	-2.27459	-15.86797	 0.08474	 0.18279	-0.78614	
 6.28319	 1.39626	 3.66519	-10.20833	-1.52276	-15.98770	 0.09940	 0.17771	-0.78644	
 6.28319	 1.39626	 4.18879	-11.07632	-1.12765	-15.85756	 0.10589	 0.19547	-0.78807	
 6.28319	 1.39626	 4.71239	-10.12233	-0.80839	-16.07756	 0.11339	 0.17225	-0.79064	
 6.28319	 1.39626	 5.23599	-10.84343	-0.56123	-15.92158	 0.11695	 0.18656	-0.78923	
 6.28319	 1.39626	 5.75959	-10.13869	-1.99245	-16.18764	 0.08801	 0.16981	-0.78891	
 6.07375	 1.39626	 6.28319	-11.47405	-2.03403	-16.03617	 0.08599	 0.19679	-0.78590	
 6.07375	 1.39626	 5.75959	-10.17157	-1.92034	-16.32758	 0.08884	 0.17051	-0.78882	
 6.07375	 1.39626	 5.23599	-10.54617	-0.58981	-16.06184	 0.11617	 0.18056	-0.78974	
 6.07375	 1.39626	 4.71239	-10.01359	-0.59463	-16.11443	 0.11680	 0.17040	-0.79133	
 6.07375	 1.39626	 4.18879	-11.11413	-1.34424	-15.90676	 0.10158	 0.19681	-0.78727	
 6.07375	 1.39626	 3.66519	-9.99329	-1.11897	-16.10986	 0.10760	 0.17427	-0.78701	
 6.07375	 1.39626	 3.14159	-10.36141	-2.54044	-16.00792	 0.08015	 0.18065	-0.78702	
 6.07375	 1.39626	 2.61799	-9.78334	-3.06783	-16.19845	 0.07132	 0.16580	-0.78832	
 6.07375	 1.39626	 2.09440	-9.54341	-2.47726	-16.34476	 0.08539	 0.15896	-0.78694	
 6.07375	 1.39626	 1.57080	-8.51821	-2.01044	-16.65481	 0.09620	 0.13515	-0.78824	
 6.07375	 1.39626	 1.04720	-10.67714	-1.17331	-16.07792	 0.11263	 0.18188	-0.79154	
 6.07375	 1.39626	 0.52360	-10.19695	 0.00668	-16.19075	 0.13329	 0.17329	-0.79210	
 5.86431	 1.39626	 0.00000	-11.18073	-2.14712	-16.38865	 0.08525	 0.19096	-0.78741	
 5.86431	 1.39626	 0.52360	-10.22169	-0.29089	-16.34349	 0.12614	 0.17359	-0.79138	
 5.86431	 1.39626	 1.04720	-10.85037	-1.05141	-16.22406	 0.11290	 0.18468	-0.79078	
 5.86431	 1.39626	 1.57080	-8.34013	-1.90656	-16.83331	 0.09655	 0.13090	-0.78830	
 5.86431	 1.39626	 2.09440	-9.50261	-2.40178	-16.55445	 0.08531	 0.15731	-0.78752	
 5.86431	 1.39626	 2.61799	-9.85484	-3.10595	-16.39334	 0.07031	 0.16601	-0.78845	
 5.86431	 1.39626	 3.14159	-10.53733	-2.49410	-16.19309	 0.08018	 0.18283	-0.78597	
 5.86431	 1.39626	 3.66519	-10.09976	-1.30729	-16.31153	 0.10258	 0.17490	-0.78697	
 5.86431	 1.39626	 4.18879	-11.21626	-1.35863	-16.16902	 0.09952	 0.19840	-0.78864	
 5.86431	 1.39626	 4.71239	-10.08609	-0.74312	-16.32130	 0.11322	 0.17283	-0.79198	
 5.86431	 1.39626	 5.23599	-10.72730	-0.51566	-16.15504	 0.11598	 0.18641	-0.78947	
 5.86431	 1.39626	 5.75959	-10.18330	-1.91186	-16.53400	 0.08793	 0.17185	-0.78904	
 5.65487	 1.39626	 6.28319	-11.43283	-2.27343	-16.48676	 0.07937	 0.19818	-0.78696	
 5.65487	 1.39626	 5.75959	-10.15537	-1.84971	-16.68327	 0.09069	 0.17272	-0.78890	
 5.65487	 1.39626	 5.23599	-10.39918	-0.53083	-16.39116	 0.11655	 0.18063	-0.79009	
 5.65487	 1.39626	 4.71239	-9.96336	-0.52261	-16.41340	 0.11750	 0.17082	-0.79180	
 5.65487	 1.39626	 4.18879	-11.18717	-1.45844	-16.33885	 0.09936	 0.19601	-0.78884	
 5.65487	 1.39626	 3.66519	-10.04199	-1.12486	-16.44035	 0.10679	 0.17164	-0.78766	
 5.65487	 1.39626	 3.14159	-10.46184	-2.70821	-16.28732	 0.07668	 0.18014	-0.78744	
 5.65487	 1.39626	 2.61799	-9.86593	-3.21407	-16.47338	 0.06730	 0.16648	-0.78905	
 5.65487	 1.39626	 2.09440	-9.66394	-2.41910	-16.70681	 0.08254	 0.16061	-0.78873	
 5.65487	 1.39626	 1.57080	-8.15620	-1.66389	-17.03441	 0.09836	 0.12839	-0.78866	
 5.65487	 1.39626	 1.04720	-10.67393	-0.94982	-16.41375	 0.11320	 0.18162	-0.79161	
 5.65487	 1.39626	 0.52360	-10.26715	 0.27385	-16.52185	 0.13616	 0.17464	-0.79173	
 5.44543	 1.39626	 0.00000	-11.12197	-1.99830	-16.73790	 0.08701	 0.19254	-0.78721	
 5.44543	 1.39626	 0.52360	-10.30416	-0.13043	-16.64394	 0.12745	 0.17627	-0.79114	
 5.44543	 1.39626	 1.04720	-10.83114	-0.95056	-16.50733	 0.11126	 0.18537	-0.79157	
 5.44543	 1.39626	 1.57080	-8.39605	-1.63897	-17.26028	 0.09462	 0.13375	-0.78871	
 5.44543	 1.39626	 2.09440	-9.53293	-2.39046	-16.94804	 0.08026	 0.15726	-0.78797	
 5.44543	 1.39626	 2.61799	-9.92805	-3.29212	-16.65889	 0.06331	 0.16661	-0.78841	
 5.44543	 1.39626	 3.14159	-10.69323	-2.57438	-16.43977	 0.07715	 0.18238	-0.78713	
 5.44543	 1.39626	 3.66519	-10.19627	-1.36900	-16.66470	 0.10150	 0.17205	-0.78848	
 5.44543	 1.39626	 4.18879	-11.21874	-1.51397	-16.45394	 0.09776	 0.19622	-0.78835	
 5.44543	 1.39626	 4.71239	-10.09239	-0.77041	-16.59374	 0.11275	 0.17190	-0.79168	
 5.44543	 1.39626	 5.23599	-10.64407	-0.61363	-16.44449	 0.11477	 0.18641	-0.78919	
 5.44543	 1.39626	 5.75959	-10.13241	-1.84291	-16.85097	 0.09090	 0.17418	-0.78957	
 5.23599	 1.39626	 6.28319	-11.31151	-2.08984	-16.77248	 0.08366	 0.19904	-0.78743	
 5.23599	 1.39626	 5.75959	-10.07220	-1.77100	-16.97330	 0.09482	 0.17533	-0.78927	
 5.23599	 1.39626	 5.23599	-10.38615	-0.55919	-16.65167	 0.11767	 0.18154	-0.79083	
 5.23599	 1.39626	 4.71239	-9.96980	-0.55859	-16.82440	 0.11862	 0.16836	-0.79247	
 5.23599	 1.39626	 4.18879	-11.21774	-1.56509	-16.54337	 0.09764	 0.19338	-0.78909	
 5.23599	 1.39626	 3.66519	-10.18716	-1.17065	-16.70171	 0.10568	 0.16938	-0.78855	
 5.23599	 1.39626	 3.14159	-10.65893	-2.76474	-16.61602	 0.07348	 0.18072	-0.78872	
 5.23599	 1.39626	 2.61799	-9.99237	-2.97452	-16.95350	 0.06507	 0.16713	-0.78941	
 5.23599	 1.39626	 2.09440	-9.85802	-2.25411	-17.08475	 0.07693	 0.16566	-0.78892	
 5.23599	 1.39626	 1.57080	-8.32192	-1.06636	-17.39492	 0.10146	 0.13400	-0.78898	
 5.23599	 1.39626	 1.04720	-10.68819	-1.18191	-16.75069	 0.10331	 0.18313	-0.79219	
 5.23599	 1.39626	 0.52360	-10.16879	 0.46429	-16.86735	 0.13755	 0.17791	-0.79186	
 5.02655	 1.39626	 0.00000	-10.88714	-1.92630	-16.85554	 0.09335	 0.19113	-0.78788	
 5.02655	 1.39626	 0.52360	-10.04884	 0.11511	-16.75479	 0.13336	 0.17637	-0.79014	
 5.02655	 1.39626	 1.04720	-10.83986	-0.87941	-16.65756	 0.10801	 0.19009	-0.79338	
 5.02655	 1.39626	 1.57080	-8.49489	-1.14118	-17.38009	 0.09563	 0.14094	-0.79007	
 5.02655	 1.39626	 2.09440	-9.85865	-2.09739	-17.17753	 0.07532	 0.16828	-0.78884	
 5.02655	 1.39626	 2.61799	-10.24539	-2.96982	-16.84535	 0.06208	 0.17281	-0.78701	
 5.02655	 1.39626	 3.14159	-10.76849	-2.41436	-16.54636	 0.07586	 0.18111	-0.78875	
 5.02655	 1.39626	 3.66519	-10.33783	-1.29013	-16.68469	 0.10067	 0.16964	-0.79039	
 5.02655	 1.39626	 4.18879	-11.48151	-1.40686	-16.42352	 0.09778	 0.19571	-0.79024	
 5.02655	 1.39626	 4.71239	-10.19093	-0.90752	-16.70622	 0.11025	 0.16878	-0.79126	
 5.02655	 1.39626	 5.23599	-10.75190	-0.70714	-16.58187	 0.11527	 0.18771	-0.79148	
 5.02655	 1.39626	 5.75959	-10.09167	-1.80485	-16.90203	 0.09657	 0.17599	-0.79132	
 4.81711	 1.39626	 6.28319	-11.32502	-1.98984	-16.32453	 0.08846	 0.19827	-0.78858	
 4.81711	 1.39626	 5.75959	-10.02765	-1.73962	-16.58057	 0.09555	 0.17283	-0.79040	
 4.81711	 1.39626	 5.23599	-10.55167	-0.88033	-16.32507	 0.11181	 0.18022	-0.79252	
 4.81711	 1.39626	 4.71239	-10.32913	-0.69652	-16.41276	 0.11249	 0.17052	-0.79271	
 4.81711	 1.39626	 4.18879	-11.51779	-1.43591	-16.20513	 0.09671	 0.19707	-0.79051	
 4.81711	 1.39626	 3.66519	-10.35316	-1.22457	-16.44722	 0.10212	 0.17125	-0.78924	
 4.81711	 1.39626	 3.14159	-10.91980	-2.35343	-16.23634	 0.07536	 0.18539	-0.79090	
 4.81711	 1.39626	 2.61799	-9.98187	-2.41724	-16.45760	 0.07133	 0.17174	-0.78789	
 4.81711	 1.39626	 2.09440	-10.00404	-2.08015	-16.71197	 0.07836	 0.17095	-0.78949	
 4.81711	 1.39626	 1.57080	-8.46180	-1.35426	-17.08825	 0.09283	 0.13826	-0.78946	
 4.81711	 1.39626	 1.04720	-10.49049	-0.61138	-16.32107	 0.11585	 0.18361	-0.79498	
 4.81711	 1.39626	 0.52360	-9.88200	 0.07618	-16.36355	 0.13386	 0.17089	-0.79158	
 4.60767	 1.39626	 0.00000	-11.03863	-1.80400	-16.09019	 0.09394	 0.19318	-0.78753	
 4.60767	 1.39626	 0.52360	-9.76689	-0.12442	-16.15112	 0.12808	 0.16925	-0.79595	
 4.60767	 1.39626	 1.04720	-10.86816	-0.64704	-15.97282	 0.11531	 0.18812	-0.79293	
 4.60767	 1.39626	 1.57080	-8.42701	-1.38669	-16.69146	 0.09620	 0.13541	-0.78970	
 4.60767	 1.39626	 2.09440	-9.74891	-1.79782	-16.38252	 0.08341	 0.16517	-0.78634	
 4.60767	 1.39626	 2.61799	-10.24170	-2.51730	-16.18982	 0.06944	 0.17203	-0.79200	
 4.60767	 1.39626	 3.14159	-11.01493	-2.37378	-15.94365	 0.07451	 0.18918	-0.78854	
 4.60767	 1.39626	 3.66519	-10.59481	-1.33932	-16.10095	 0.09661	 0.17727	-0.78951	
 4.60767	 1.39626	 4.18879	-11.75631	-1.34844	-15.95777	 0.09681	 0.20019	-0.78932	
 4.60767	 1.39626	 4.71239	-10.46009	-1.05172	-16.10481	 0.10662	 0.17358	-0.79575	
 4.60767	 1.39626	 5.23599	-10.80499	-0.62253	-15.89591	 0.11279	 0.18636	-0.79114	
 4.60767	 1.39626	 5.75959	-10.10334	-1.86117	-16.18444	 0.08994	 0.17192	-0.79080	
 4.39823	 1.39626	 6.28319	-11.14445	-2.10268	-15.88163	 0.08473	 0.19639	-0.78888	
 4.39823	 1.39626	 5.75959	-10.03059	-1.80876	-16.05647	 0.08975	 0.17100	-0.79133	
 4.39823	 1.39626	 5.23599	-10.46522	-0.73710	-15.92525	 0.10984	 0.17991	-0.79224	
 4.39823	 1.39626	 4.71239	-10.28684	-0.85930	-16.03614	 0.10927	 0.17293	-0.79453	
 4.39823	 1.39626	 4.18879	-11.89953	-1.57701	-15.84649	 0.09422	 0.20259	-0.79067	
 4.39823	 1.39626	 3.66519	-10.67469	-1.18875	-15.98433	 0.10080	 0.17920	-0.79011	
 4.39823	 1.39626	 3.14159	-11.14126	-2.51366	-15.81734	 0.07233	 0.19133	-0.79004	
 4.39823	 1.39626	 2.61799	-10.42427	-2.47035	-15.99336	 0.07100	 0.17511	-0.79051	
 4.39823	 1.39626	 2.09440	-10.13000	-1.63189	-16.09805	 0.08436	 0.17126	-0.78890	
 4.39823	 1.39626	 1.57080	-8.41995	-1.07056	-16.40022	 0.10051	 0.13445	-0.78947	
 4.39823	 1.39626	 1.04720	-10.77018	-0.35718	-15.83893	 0.11853	 0.18372	-0.79338	
 4.39823	 1.39626	 0.52360	-9.81039	 0.53031	-15.97509	 0.13644	 0.16914	-0.79358	
 4.18879	 1.39626	 0.00000	-10.98840	-1.78166	-15.76608	 0.08919	 0.19228	-0.78987	
 4.18879	 1.39626	 0.52360	-9.83832	 0.18410	-15.98007	 0.12968	 0.16954	-0.79353	
 4.18879	 1.39626	 1.04720	-10.94081	-0.38743	-15.79632	 0.11684	 0.18877	-0.79331	
 4.18879	 1.39626	 1.57080	-8.74789	-1.07816	-16.29028	 0.09999	 0.13925	-0.78970	
 4.18879	 1.39626	 2.09440	-10.19667	-1.68912	-16.01062	 0.08533	 0.16938	-0.78891	
 4.18879	 1.39626	 2.61799	-10.57660	-2.55221	-16.00174	 0.06872	 0.17657	-0.78995	
 4.18879	 1.39626	 3.14159	-11.32364	-2.47518	-15.84479	 0.07202	 0.19384	-0.78888	
 4.18879	 1.39626	 3.66519	-10.88012	-1.48610	-15.87704	 0.09510	 0.18333	-0.78961	
 4.18879	 1.39626	 4.18879	-11.84220	-1.61060	-15.75591	 0.09255	 0.20407	-0.79041	
 4.18879	 1.39626	 4.71239	-10.38888	-1.10777	-16.05535	 0.10392	 0.17447	-0.79365	
 4.18879	 1.39626	 5.23599	-10.72010	-0.66739	-15.88742	 0.10999	 0.18635	-0.79171	
 4.18879	 1.39626	 5.75959	-9.95957	-1.83518	-16.06064	 0.08644	 0.17081	-0.79094	
 3.97935	 1.39626	 6.28319	-11.05149	-1.91613	-15.89362	 0.08300	 0.19525	-0.78937	
 3.97935	 1.39626	 5.75959	-9.89217	-1.83612	-16.13038	 0.08455	 0.17229	-0.79012	
 3.97935	 1.39626	 5.23599	-10.45637	-0.84413	-16.14421	 0.10378	 0.18382	-0.79373	
 3.97935	 1.39626	 4.71239	-10.37157	-1.02618	-16.25585	 0.10110	 0.17717	-0.79428	
 3.97935	 1.39626	 4.18879	-11.98935	-1.75530	-15.80224	 0.08992	 0.20724	-0.79034	
 3.97935	 1.39626	 3.66519	-10.94857	-1.27844	-15.96673	 0.10077	 0.18430	-0.78892	
 3.97935	 1.39626	 3.14159	-11.53536	-2.52879	-15.92115	 0.07321	 0.19610	-0.79068	
 3.97935	 1.39626	 2.61799	-10.71551	-2.33066	-16.13471	 0.07295	 0.17989	-0.79033	
 3.97935	 1.39626	 2.09440	-10.46519	-1.44800	-16.04116	 0.08627	 0.17409	-0.78968	
 3.97935	 1.39626	 1.57080	-8.70671	-0.74879	-16.37033	 0.10156	 0.13658	-0.78866	
 3.97935	 1.39626	 1.04720	-10.76752	-0.10066	-16.00372	 0.11781	 0.18321	-0.79484	
 3.97935	 1.39626	 0.52360	-9.77053	 0.72119	-16.18259	 0.13708	 0.16716	-0.79356	
 3.76991	 1.39626	 0.00000	-10.84718	-1.82842	-16.16350	 0.08408	 0.18638	-0.78976	
 3.76991	 1.39626	 0.52360	-9.79793	 0.41026	-16.42426	 0.13016	 0.16328	-0.79327	
 3.76991	 1.39626	 1.04720	-10.97036	-0.09650	-16.17033	 0.11655	 0.18391	-0.79356	
 3.76991	 1.39626	 1.57080	-8.91159	-0.77139	-16.72157	 0.10107	 0.13520	-0.78874	
 3.76991	 1.39626	 2.09440	-10.24485	-1.54544	-16.32384	 0.08763	 0.16885	-0.78911	
 3.76991	 1.39626	 2.61799	-10.89579	-2.48073	-16.26542	 0.07156	 0.18244	-0.78890	
 3.76991	 1.39626	 3.14159	-11.72290	-2.58450	-16.16997	 0.07424	 0.20056	-0.78862	
 3.76991	 1.39626	 3.66519	-11.10832	-1.74396	-16.20893	 0.09383	 0.18861	-0.78836	
 3.76991	 1.39626	 4.18879	-12.12727	-1.85337	-16.02887	 0.08583	 0.21099	-0.79047	
 3.76991	 1.39626	 4.71239	-10.55357	-1.30265	-16.52908	 0.09343	 0.18186	-0.79360	
 3.76991	 1.39626	 5.23599	-10.71753	-0.82166	-16.42486	 0.09887	 0.19304	-0.79203	
 3.76991	 1.39626	 5.75959	-9.85763	-1.84996	-16.43154	 0.07992	 0.17313	-0.79064	
 3.56047	 1.39626	 6.28319	-11.10613	-1.90308	-15.88519	 0.07996	 0.19606	-0.78854	
 3.56047	 1.39626	 5.75959	-9.87049	-1.80719	-16.12209	 0.08372	 0.17242	-0.79059	
 3.56047	 1.39626	 5.23599	-10.42714	-0.92178	-16.12160	 0.10329	 0.18343	-0.79210	
 3.56047	 1.39626	 4.71239	-10.47367	-1.05397	-16.16576	 0.10350	 0.17788	-0.79293	
 3.56047	 1.39626	 4.18879	-12.03148	-1.65001	-15.81014	 0.09293	 0.20780	-0.78986	
 3.56047	 1.39626	 3.66519	-11.13272	-1.36591	-15.94157	 0.09848	 0.18684	-0.78898	
 3.56047	 1.39626	 3.14159	-11.75751	-2.76594	-16.03433	 0.06733	 0.19750	-0.78804	
 3.56047	 1.39626	 2.61799	-11.05180	-2.32165	-16.18247	 0.07098	 0.18266	-0.78939	
 3.56047	 1.39626	 2.09440	-10.58143	-1.43308	-16.15398	 0.08560	 0.17413	-0.78821	
 3.56047	 1.39626	 1.57080	-9.15181	-0.73084	-16.40470	 0.09914	 0.14474	-0.78945	
 3.56047	 1.39626	 1.04720	-10.90881	-0.14164	-16.10459	 0.11344	 0.18659	-0.79266	
 3.56047	 1.39626	 0.52360	-9.78402	 1.03170	-16.24854	 0.13989	 0.17035	-0.79363	
 3.35103	 1.39626	 0.00000	-10.75746	-1.78346	-15.90572	 0.08312	 0.18998	-0.78770	
 3.35103	 1.39626	 0.52360	-9.90388	 0.90991	-16.18152	 0.13659	 0.17271	-0.79190	
 3.35103	 1.39626	 1.04720	-11.03323	-0.14175	-16.10022	 0.11415	 0.19050	-0.79271	
 3.35103	 1.39626	 1.57080	-9.20503	-0.74722	-16.39753	 0.09986	 0.14764	-0.78888	
 3.35103	 1.39626	 2.09440	-10.68658	-1.41667	-16.12600	 0.08629	 0.17502	-0.78683	
 3.35103	 1.39626	 2.61799	-11.15582	-2.59124	-16.22064	 0.06572	 0.18277	-0.78686	
 3.35103	 1.39626	 3.14159	-11.82685	-2.78890	-16.15825	 0.06414	 0.19851	-0.78722	
 3.35103	 1.39626	 3.66519	-11.24918	-1.59556	-16.07778	 0.09174	 0.18718	-0.78839	
 3.35103	 1.39626	 4.18879	-12.09838	-1.87857	-15.82735	 0.08855	 0.20826	-0.78906	
 3.35103	 1.39626	 4.71239	-10.60228	-1.28873	-16.23753	 0.10091	 0.17991	-0.79208	
 3.35103	 1.39626	 5.23599	-10.56683	-0.89558	-16.28450	 0.10475	 0.18455	-0.79225	
 3.35103	 1.39626	 5.75959	-9.91378	-1.88632	-16.23856	 0.08320	 0.17205	-0.79049	
 3.14159	 1.39626	 6.28319	-11.16639	-1.80214	-15.87330	 0.08035	 0.19692	-0.78658	
 3.14159	 1.39626	 5.75959	-10.04047	-1.82835	-16.24552	 0.08351	 0.17214	-0.79086	
 3.14159	 1.39626	 5.23599	-10.37710	-1.00539	-16.32323	 0.10270	 0.17799	-0.79159	
 3.14159	 1.39626	 4.71239	-10.54727	-1.08066	-16.23101	 0.10344	 0.17778	-0.79225	
 3.14159	 1.39626	 4.18879	-12.10980	-1.83033	-15.84149	 0.08736	 0.20859	-0.78836	
 3.14159	 1.39626	 3.66519	-11.16096	-1.21827	-16.13123	 0.09729	 0.18679	-0.78874	
 3.14159	 1.39626	 3.14159	-11.78983	-2.85836	-16.19247	 0.06080	 0.19720	-0.78732	
 3.14159	 1.39626	 2.61799	-11.18738	-2.47408	-16.23679	 0.06538	 0.18422	-0.78738	
 3.14159	 1.39626	 2.09440	-10.72562	-1.46790	-16.12929	 0.08443	 0.17577	-0.78666	
 3.14159	 1.39626	 1.57080	-9.03555	-0.63967	-16.49071	 0.10236	 0.14342	-0.78924	
 3.14159	 1.39626	 1.04720	-10.72158	 0.12409	-16.20174	 0.11980	 0.18418	-0.79235	
 3.14159	 1.39626	 0.52360	-9.88786	 1.18542	-16.20011	 0.14185	 0.17248	-0.79173	
 2.93215	 1.39626	 0.00000	-10.93857	-1.56688	-15.94895	 0.08735	 0.19031	-0.78816	
 2.93215	 1.39626	 0.52360	-9.98208	 0.80498	-16.15917	 0.13620	 0.17359	-0.79091	
 2.93215	 1.39626	 1.04720	-10.98172	-0.15600	-16.13597	 0.11799	 0.19074	-0.79201	
 2.93215	 1.39626	 1.57080	-9.13505	-0.78748	-16.44705	 0.10284	 0.14631	-0.78847	
 2.93215	 1.39626	 2.09440	-10.66963	-1.46434	-16.13805	 0.08710	 0.17542	-0.78709	
 2.93215	 1.39626	 2.61799	-11.13281	-2.66870	-16.25567	 0.06142	 0.18414	-0.78586	
 2.93215	 1.39626	 3.14159	-11.81448	-2.75842	-16.27049	 0.05930	 0.20038	-0.78696	
 2.93215	 1.39626	 3.66519	-11.20644	-1.49077	-16.13542	 0.08799	 0.18902	-0.78785	
 2.93215	 1.39626	 4.18879	-12.04095	-1.88514	-15.84066	 0.08380	 0.20755	-0.78975	
 2.93215	 1.39626	 4.71239	-10.62940	-1.17802	-16.24071	 0.10036	 0.17802	-0.79148	
 2.93215	 1.39626	 5.23599	-10.69075	-0.88914	-16.35740	 0.10364	 0.18123	-0.79158	
 2.93215	 1.39626	 5.75959	-10.07891	-1.85213	-16.31267	 0.08299	 0.16976	-0.79039	
 2.72271	 1.39626	 6.28319	-11.21823	-1.83216	-15.95546	 0.08125	 0.19374	-0.78767	
 2.72271	 1.39626	 5.75959	-10.11170	-1.75761	-16.30898	 0.08363	 0.16881	-0.79142	
 2.72271	 1.39626	 5.23599	-10.45676	-0.90243	-16.41227	 0.10222	 0.17402	-0.79182	
 2.72271	 1.39626	 4.71239	-10.59306	-0.96704	-16.25036	 0.10264	 0.17648	-0.79207	
 2.72271	 1.39626	 4.18879	-12.10318	-1.84468	-15.99369	 0.08206	 0.20787	-0.78933	
 2.72271	 1.39626	 3.66519	-11.20433	-1.25265	-16.27560	 0.09013	 0.19106	-0.78887	
 2.72271	 1.39626	 3.14159	-11.80280	-2.77348	-16.43537	 0.05446	 0.20233	-0.78754	
 2.72271	 1.39626	 2.61799	-11.11161	-2.27305	-16.22191	 0.06704	 0.18516	-0.78782	
 2.72271	 1.39626	 2.09440	-10.66469	-1.44235	-16.21898	 0.08573	 0.17728	-0.78730	
 2.72271	 1.39626	 1.57080	-9.09642	-0.15074	-16.48937	 0.11563	 0.14676	-0.78941	
 2.72271	 1.39626	 1.04720	-10.68434	-0.21795	-16.34902	 0.11749	 0.18377	-0.79136	
 2.72271	 1.39626	 0.52360	-9.94847	 1.03986	-16.20337	 0.14088	 0.17278	-0.79171	
 2.51327	 1.39626	 0.00000	-10.93684	-1.46310	-16.26193	 0.09055	 0.18370	-0.78839	
 2.51327	 1.39626	 0.52360	-10.06504	 0.77176	-16.38242	 0.13962	 0.17466	-0.79260	
 2.51327	 1.39626	 1.04720	-10.96922	-0.06776	-16.34328	 0.12369	 0.19247	-0.79175	
 2.51327	 1.39626	 1.57080	-9.19577	-0.38766	-16.65566	 0.11529	 0.15128	-0.78858	
 2.51327	 1.39626	 2.09440	-10.49230	-1.50358	-16.38196	 0.08715	 0.17716	-0.78669	
 2.51327	 1.39626	 2.61799	-10.96457	-2.80027	-16.49629	 0.05537	 0.18481	-0.78790	
 2.51327	 1.39626	 3.14159	-11.75386	-2.79050	-16.64192	 0.04922	 0.20448	-0.78706	
 2.51327	 1.39626	 3.66519	-11.18499	-1.54454	-16.52842	 0.07777	 0.19407	-0.78755	
 2.51327	 1.39626	 4.18879	-12.10592	-1.59854	-16.13674	 0.08235	 0.20807	-0.78951	
 2.51327	 1.39626	 4.71239	-10.68310	-1.11055	-16.47245	 0.09757	 0.17442	-0.79325	
 2.51327	 1.39626	 5.23599	-10.77551	-1.12443	-16.46908	 0.09676	 0.17759	-0.79146	
 2.51327	 1.39626	 5.75959	-10.08985	-1.62190	-16.45387	 0.08508	 0.16538	-0.79121	
 2.30383	 1.39626	 6.28319	-11.38041	-1.82674	-15.93612	 0.07973	 0.19422	-0.78826	
 2.30383	 1.39626	 5.75959	-10.20454	-1.61838	-16.32450	 0.08468	 0.16894	-0.79159	
 2.30383	 1.39626	 5.23599	-10.65157	-1.13474	-16.36407	 0.09412	 0.17725	-0.79250	
 2.30383	 1.39626	 4.71239	-10.55433	-0.74128	-16.26431	 0.10195	 0.17607	-0.79442	
 2.30383	 1.39626	 4.18879	-12.17538	-1.50493	-15.92373	 0.08467	 0.21097	-0.78958	
 2.30383	 1.39626	 3.66519	-11.13966	-1.06984	-16.28098	 0.09026	 0.19129	-0.78865	
 2.30383	 1.39626	 3.14159	-11.69093	-2.72783	-16.32067	 0.05600	 0.20126	-0.78854	
 2.30383	 1.39626	 2.61799	-10.89324	-2.25711	-16.24245	 0.06922	 0.18304	-0.78965	
 2.30383	 1.39626	 2.09440	-10.62556	-1.53918	-16.14917	 0.08462	 0.17724	-0.78836	
 2.30383	 1.39626	 1.57080	-8.99839	-0.58170	-16.47480	 0.10764	 0.14498	-0.78930	
 2.30383	 1.39626	 1.04720	-10.83424	-0.02197	-16.18482	 0.12136	 0.18599	-0.79331	
 2.30383	 1.39626	 0.52360	-9.87341	 0.76165	-16.19183	 0.13550	 0.16683	-0.79317	
 2.09440	 1.39626	 0.00000	-11.31140	-1.43391	-15.80109	 0.08762	 0.19268	-0.78847	
 2.09440	 1.39626	 0.52360	-9.83329	 0.50184	-15.99653	 0.12942	 0.16680	-0.79050	
 2.09440	 1.39626	 1.04720	-11.05815	-0.22751	-16.00345	 0.11750	 0.18902	-0.79219	
 2.09440	 1.39626	 1.57080	-9.12663	-0.88906	-16.39196	 0.10345	 0.14563	-0.78886	
 2.09440	 1.39626	 2.09440	-10.64354	-1.62386	-16.01892	 0.08537	 0.17505	-0.78784	
 2.09440	 1.39626	 2.61799	-10.92313	-2.40873	-16.00719	 0.06752	 0.18076	-0.78660	
 2.09440	 1.39626	 3.14159	-11.70570	-2.63976	-16.14865	 0.05969	 0.20156	-0.78744	
 2.09440	 1.39626	 3.66519	-11.11495	-1.34343	-16.14870	 0.08713	 0.19053	-0.78851	
 2.09440	 1.39626	 4.18879	-12.14699	-1.43733	-15.75312	 0.08872	 0.21171	-0.78964	
 2.09440	 1.39626	 4.71239	-10.71205	-1.03402	-16.07295	 0.09884	 0.17877	-0.79179	
 2.09440	 1.39626	 5.23599	-10.84433	-0.82494	-16.26111	 0.09861	 0.18232	-0.79172	
 2.09440	 1.39626	 5.75959	-10.25111	-1.72837	-16.31713	 0.08094	 0.16983	-0.79143	
 1.88496	 1.39626	 6.28319	-11.51730	-1.79357	-15.79093	 0.07689	 0.19735	-0.78872	
 1.88496	 1.39626	 5.75959	-10.36382	-1.63599	-16.22711	 0.08037	 0.17332	-0.79100	
 1.88496	 1.39626	 5.23599	-10.77666	-0.96872	-16.19293	 0.09507	 0.18223	-0.79231	
 1.88496	 1.39626	 4.71239	-10.63256	-0.71243	-16.02756	 0.10363	 0.17893	-0.79331	
 1.88496	 1.39626	 4.18879	-12.11435	-1.33996	-15.62108	 0.09059	 0.21137	-0.79010	
 1.88496	 1.39626	 3.66519	-11.00387	-1.00185	-15.88517	 0.09768	 0.18753	-0.78900	
 1.88496	 1.39626	 3.14159	-11.54719	-2.59132	-15.92919	 0.06353	 0.19702	-0.78814	
 1.88496	 1.39626	 2.61799	-10.83640	-2.12467	-15.90660	 0.07240	 0.17898	-0.78862	
 1.88496	 1.39626	 2.09440	-10.55302	-1.63719	-15.93754	 0.08313	 0.17265	-0.78882	
 1.88496	 1.39626	 1.57080	-9.06221	-0.82071	-16.30361	 0.10107	 0.14156	-0.78996	
 1.88496	 1.39626	 1.04720	-10.82615	-0.14891	-15.96153	 0.11606	 0.18211	-0.79347	
 1.88496	 1.39626	 0.52360	-9.88274	 0.66285	-15.96819	 0.13037	 0.16657	-0.79235	
 1.67552	 1.39626	 0.00000	-11.41904	-1.30559	-15.74327	 0.08765	 0.19577	-0.78927	
 1.67552	 1.39626	 0.52360	-9.95720	 0.48635	-15.94755	 0.12692	 0.16833	-0.79291	
 1.67552	 1.39626	 1.04720	-11.03702	-0.27552	-15.88096	 0.11379	 0.18693	-0.79412	
 1.67552	 1.39626	 1.57080	-9.26094	-1.06378	-16.24755	 0.09726	 0.14626	-0.78989	
 1.67552	 1.39626	 2.09440	-10.35090	-1.74204	-16.01750	 0.08269	 0.16776	-0.78841	
 1.67552	 1.39626	 2.61799	-10.69745	-2.60145	-15.97241	 0.06386	 0.17500	-0.78824	
 1.67552	 1.39626	 3.14159	-11.51482	-2.63271	-15.90424	 0.06247	 0.19561	-0.78842	
 1.67552	 1.39626	 3.66519	-10.98533	-1.20793	-15.93166	 0.09243	 0.18638	-0.78900	
 1.67552	 1.39626	 4.18879	-12.09894	-1.29082	-15.66677	 0.09143	 0.21124	-0.78992	
 1.67552	 1.39626	 4.71239	-10.73105	-0.85607	-16.00243	 0.10167	 0.18103	-0.79326	
 1.67552	 1.39626	 5.23599	-10.98252	-0.66930	-16.07449	 0.10118	 0.18750	-0.79272	
 1.67552	 1.39626	 5.75959	-10.34217	-1.61867	-16.16370	 0.08156	 0.17382	-0.79158	
 1.46608	 1.39626	 6.28319	-11.64350	-1.84236	-15.84930	 0.07550	 0.19989	-0.78845	
 1.46608	 1.39626	 5.75959	-10.52431	-1.52276	-16.08212	 0.08248	 0.17633	-0.79112	
 1.46608	 1.39626	 5.23599	-10.90672	-0.71462	-16.09530	 0.09893	 0.18475	-0.79194	
 1.46608	 1.39626	 4.71239	-10.71670	-0.47098	-15.99346	 0.10691	 0.17984	-0.79335	
 1.46608	 1.39626	 4.18879	-12.13072	-1.13718	-15.66280	 0.09412	 0.21096	-0.78962	
 1.46608	 1.39626	 3.66519	-10.88439	-0.89829	-15.87043	 0.09886	 0.18448	-0.78888	
 1.46608	 1.39626	 3.14159	-11.31560	-2.64782	-15.83374	 0.06275	 0.19201	-0.78852	
 1.46608	 1.39626	 2.61799	-10.67803	-2.17432	-15.87731	 0.07136	 0.17653	-0.78948	
 1.46608	 1.39626	 2.09440	-10.43165	-1.74512	-15.97949	 0.08090	 0.17017	-0.78878	
 1.46608	 1.39626	 1.57080	-9.02415	-1.07240	-16.29131	 0.09676	 0.14060	-0.78996	
 1.46608	 1.39626	 1.04720	-10.94995	-0.38973	-15.96016	 0.11185	 0.18345	-0.79339	
 1.46608	 1.39626	 0.52360	-9.92896	 0.87008	-16.09594	 0.13593	 0.16654	-0.79339	
 1.25664	 1.39626	 0.00000	-11.63236	-1.44045	-16.00885	 0.08349	 0.19877	-0.78945	
 1.25664	 1.39626	 0.52360	-10.06352	 0.69529	-16.14719	 0.13215	 0.16970	-0.79228	
 1.25664	 1.39626	 1.04720	-11.16697	-0.49744	-16.00224	 0.11109	 0.18882	-0.79349	
 1.25664	 1.39626	 1.57080	-9.09938	-1.27645	-16.41006	 0.09595	 0.14246	-0.79020	
 1.25664	 1.39626	 2.09440	-10.34301	-1.89123	-16.13956	 0.08035	 0.16759	-0.78895	
 1.25664	 1.39626	 2.61799	-10.58208	-2.56101	-16.00809	 0.06489	 0.17401	-0.78814	
 1.25664	 1.39626	 3.14159	-11.30511	-2.59345	-15.96558	 0.06226	 0.19192	-0.78852	
 1.25664	 1.39626	 3.66519	-10.80954	-1.08119	-15.98791	 0.09327	 0.18431	-0.78928	
 1.25664	 1.39626	 4.18879	-12.09350	-1.06643	-15.74962	 0.09506	 0.21102	-0.79013	
 1.25664	 1.39626	 4.71239	-10.79899	-0.55560	-16.01863	 0.10641	 0.18061	-0.79275	
 1.25664	 1.39626	 5.23599	-11.12272	-0.44809	-16.04774	 0.10490	 0.18812	-0.79206	
 1.25664	 1.39626	 5.75959	-10.59023	-1.46910	-16.19569	 0.08304	 0.17503	-0.79147	
 1.04720	 1.39626	 6.28319	-11.81892	-1.88686	-16.24473	 0.06955	 0.20303	-0.78895	
 1.04720	 1.39626	 5.75959	-10.68587	-1.40823	-16.41424	 0.08210	 0.17554	-0.79125	
 1.04720	 1.39626	 5.23599	-10.93080	-0.50798	-16.24996	 0.10356	 0.18414	-0.79160	
 1.04720	 1.39626	 4.71239	-10.66234	-0.29115	-16.20127	 0.11136	 0.17919	-0.79331	
 1.04720	 1.39626	 4.18879	-12.00624	-1.02470	-15.97714	 0.09654	 0.21171	-0.79002	
 1.04720	 1.39626	 3.66519	-10.71324	-0.78955	-16.26459	 0.09733	 0.18599	-0.78930	
 1.04720	 1.39626	 3.14159	-11.18472	-2.66504	-16.11978	 0.06076	 0.18989	-0.78830	
 1.04720	 1.39626	 2.61799	-10.55501	-2.29368	-16.24096	 0.06844	 0.17358	-0.79000	
 1.04720	 1.39626	 2.09440	-10.38730	-1.94335	-16.05144	 0.07841	 0.17216	-0.78898	
 1.04720	 1.39626	 1.57080	-9.04215	-1.20213	-16.57444	 0.09774	 0.14081	-0.79019	
 1.04720	 1.39626	 1.04720	-11.04770	-0.38896	-16.17086	 0.11078	 0.18570	-0.79309	
 1.04720	 1.39626	 0.52360	-10.18445	 0.70061	-16.41308	 0.12841	 0.17272	-0.79307	
 0.83776	 1.39626	 0.00000	-11.83907	-1.36560	-16.42822	 0.08236	 0.19956	-0.78931	
 0.83776	 1.39626	 0.52360	-10.36558	 0.54534	-16.58912	 0.12650	 0.17420	-0.79270	
 0.83776	 1.39626	 1.04720	-11.24736	-0.50363	-16.35348	 0.11119	 0.19022	-0.79324	
 0.83776	 1.39626	 1.57080	-9.17290	-1.38896	-16.81646	 0.09708	 0.14471	-0.78960	
 0.83776	 1.39626	 2.09440	-10.41980	-1.96685	-16.54689	 0.08171	 0.16975	-0.78849	
 0.83776	 1.39626	 2.61799	-10.52160	-2.71269	-16.48469	 0.06159	 0.17358	-0.78818	
 0.83776	 1.39626	 3.14159	-11.22357	-2.62565	-16.41529	 0.05876	 0.19190	-0.78821	
 0.83776	 1.39626	 3.66519	-10.76600	-1.08581	-16.57887	 0.08633	 0.18755	-0.78859	
 0.83776	 1.39626	 4.18879	-12.03687	-1.01371	-16.27613	 0.09055	 0.21355	-0.78945	
 0.83776	 1.39626	 4.71239	-10.75309	-0.32048	-16.33041	 0.10628	 0.17871	-0.79301	
 0.83776	 1.39626	 5.23599	-11.15654	-0.26877	-16.50835	 0.10806	 0.18608	-0.79193	
 0.83776	 1.39626	 5.75959	-10.65615	-1.46658	-16.80278	 0.08127	 0.17139	-0.79102	
 0.62832	 1.39626	 6.28319	-11.96535	-1.83772	-16.33682	 0.07370	 0.20147	-0.78861	
 0.62832	 1.39626	 5.75959	-10.75763	-1.38100	-16.53908	 0.08363	 0.17483	-0.79115	
 0.62832	 1.39626	 5.23599	-11.00451	-0.33307	-16.29625	 0.10508	 0.18351	-0.79209	
 0.62832	 1.39626	 4.71239	-10.63052	-0.12325	-16.29675	 0.10982	 0.17886	-0.79339	
 0.62832	 1.39626	 4.18879	-11.95469	-0.87911	-16.13588	 0.09371	 0.21008	-0.78973	
 0.62832	 1.39626	 3.66519	-10.66379	-0.72330	-16.37561	 0.09649	 0.18417	-0.78924	
 0.62832	 1.39626	 3.14159	-11.09687	-2.58992	-16.20938	 0.06152	 0.18991	-0.78858	
 0.62832	 1.39626	 2.61799	-10.50155	-2.45885	-16.27564	 0.06695	 0.17516	-0.78930	
 0.62832	 1.39626	 2.09440	-10.32813	-2.05952	-16.37880	 0.07781	 0.16949	-0.78942	
 0.62832	 1.39626	 1.57080	-9.06964	-1.26505	-16.62008	 0.09648	 0.14216	-0.79042	
 0.62832	 1.39626	 1.04720	-11.12543	-0.46551	-16.11289	 0.11138	 0.18576	-0.79364	
 0.62832	 1.39626	 0.52360	-10.36364	 0.89209	-16.27620	 0.13548	 0.17030	-0.79432	
 0.41888	 1.39626	 0.00000	-12.01324	-1.38852	-16.12621	 0.08471	 0.19995	-0.78984	
 0.41888	 1.39626	 0.52360	-10.42446	 0.71037	-16.29317	 0.13326	 0.17178	-0.79354	
 0.41888	 1.39626	 1.04720	-11.32763	-0.66731	-16.07544	 0.10946	 0.18978	-0.79370	
 0.41888	 1.39626	 1.57080	-9.11008	-1.57583	-16.53813	 0.09247	 0.14281	-0.79164	
 0.41888	 1.39626	 2.09440	-10.19328	-2.27390	-16.31969	 0.07551	 0.16746	-0.78977	
 0.41888	 1.39626	 2.61799	-10.47092	-2.81275	-16.19608	 0.06085	 0.17436	-0.78888	
 0.41888	 1.39626	 3.14159	-11.00649	-2.61822	-16.00411	 0.06031	 0.18940	-0.78848	
 0.41888	 1.39626	 3.66519	-10.51097	-0.86955	-16.09652	 0.09289	 0.18120	-0.79070	
 0.41888	 1.39626	 4.18879	-11.88654	-0.73303	-15.92382	 0.09536	 0.20845	-0.79124	
 0.41888	 1.39626	 4.71239	-10.66541	-0.07082	-16.14743	 0.10925	 0.18014	-0.79464	
 0.41888	 1.39626	 5.23599	-11.14333	-0.03312	-16.12380	 0.10809	 0.18811	-0.79335	
 0.41888	 1.39626	 5.75959	-10.75584	-1.21339	-16.32808	 0.08342	 0.17651	-0.79234	
 0.20944	 1.39626	 6.28319	-12.17207	-1.71694	-16.17414	 0.07373	 0.20426	-0.79015	
 0.20944	 1.39626	 5.75959	-10.83228	-1.18251	-16.41931	 0.08402	 0.17740	-0.79108	
 0.20944	 1.39626	 5.23599	-11.04117	-0.13123	-16.29787	 0.10606	 0.18457	-0.79328	
 0.20944	 1.39626	 4.71239	-10.55069	 0.08081	-16.29120	 0.11138	 0.17868	-0.79576	
 0.20944	 1.39626	 4.18879	-11.78122	-0.81317	-16.05646	 0.09385	 0.20750	-0.79206	
 0.20944	 1.39626	 3.66519	-10.44828	-0.63410	-16.28293	 0.09881	 0.18175	-0.79076	
 0.20944	 1.39626	 3.14159	-10.95949	-2.71550	-16.21175	 0.06057	 0.18887	-0.78937	
 0.20944	 1.39626	 2.61799	-10.45384	-2.69784	-16.36807	 0.06454	 0.17599	-0.79149	
 0.20944	 1.39626	 2.09440	-10.37258	-2.27269	-16.47292	 0.07548	 0.17042	-0.79079	
 0.20944	 1.39626	 1.57080	-9.16759	-1.44822	-16.71615	 0.09434	 0.14308	-0.79149	
 0.20944	 1.39626	 1.04720	-11.27302	-0.53039	-16.21067	 0.11134	 0.18660	-0.79419	
 0.20944	 1.39626	 0.52360	-10.58604	 0.67799	-16.32819	 0.13023	 0.17417	-0.79478	
 0.00000	 1.22173	 0.00000	-12.05916	-1.18579	-16.35773	 0.08347	 0.20221	-0.78991	
 0.00000	 1.22173	 0.52360	-10.63151	 0.50416	-16.53812	 0.12524	 0.17525	-0.79405	
 0.00000	 1.22173	 1.04720	-11.36101	-0.61453	-16.37732	 0.10801	 0.18811	-0.79428	
 0.00000	 1.22173	 1.57080	-9.36530	-1.53615	-16.84799	 0.09050	 0.14486	-0.79023	
 0.00000	 1.22173	 2.09440	-10.39106	-2.20435	-16.56788	 0.07525	 0.16889	-0.78964	
 0.00000	 1.22173	 2.61799	-10.47795	-2.87672	-16.46307	 0.05931	 0.17425	-0.78972	
 0.00000	 1.22173	 3.14159	-11.01636	-2.57673	-16.29246	 0.06215	 0.18984	-0.78918	
 0.00000	 1.22173	 3.66519	-10.54542	-0.99069	-16.40525	 0.09348	 0.18260	-0.78934	
 0.00000	 1.22173	 4.18879	-11.80306	-0.80398	-16.20067	 0.09477	 0.20901	-0.79148	
 0.00000	 1.22173	 4.71239	-10.66858	 0.02695	-16.45592	 0.11086	 0.18111	-0.79428	
 0.00000	 1.22173	 5.23599	-11.18666	 0.00060	-16.40236	 0.10723	 0.18937	-0.79279	
 0.00000	 1.22173	 5.75959	-10.80741	-1.15984	-16.64423	 0.08165	 0.17939	-0.79117	
 0.20944	 1.22173	 6.28319	-12.15085	-1.78904	-16.29113	 0.07041	 0.20446	-0.79018	
 0.20944	 1.22173	 5.75959	-10.85288	-1.09630	-16.54493	 0.08249	 0.17913	-0.79209	
 0.20944	 1.22173	 5.23599	-11.01919	-0.02676	-16.39424	 0.10592	 0.18514	-0.79340	
 0.20944	 1.22173	 4.71239	-10.59531	 0.17957	-16.39790	 0.11226	 0.17935	-0.79495	
 0.20944	 1.22173	 4.18879	-11.76388	-0.80858	-16.15861	 0.09361	 0.20812	-0.79180	
 0.20944	 1.22173	 3.66519	-10.46714	-0.67406	-16.38332	 0.09938	 0.18247	-0.79064	
 0.20944	 1.22173	 3.14159	-10.94254	-2.69820	-16.26774	 0.06062	 0.18839	-0.78943	
 0.20944	 1.22173	 2.61799	-10.45282	-2.66658	-16.44673	 0.06369	 0.17495	-0.79115	
 0.20944	 1.22173	 2.09440	-10.35223	-2.19683	-16.53160	 0.07566	 0.16960	-0.79108	
 0.20944	 1.22173	 1.57080	-9.24743	-1.39352	-16.80606	 0.09361	 0.14210	-0.79160	
 0.20944	 1.22173	 1.04720	-11.28165	-0.52072	-16.32671	 0.11013	 0.18600	-0.79433	
 0.20944	 1.22173	 0.52360	-10.67575	 0.70453	-16.51230	 0.12913	 0.17665	-0.79496	
 0.41888	 1.22173	 0.00000	-12.12863	-1.33123	-16.17139	 0.08434	 0.20183	-0.79069	
 0.41888	 1.22173	 0.52360	-10.67636	 0.51365	-16.28082	 0.12704	 0.17586	-0.79378	
 0.41888	 1.22173	 1.04720	-11.36436	-0.57818	-16.19843	 0.10870	 0.18848	-0.79420	
 0.41888	 1.22173	 1.57080	-9.36891	-1.50807	-16.66900	 0.09095	 0.14597	-0.79099	
 0.41888	 1.22173	 2.09440	-10.28876	-2.17541	-16.41796	 0.07489	 0.16935	-0.78975	
 0.41888	 1.22173	 2.61799	-10.51294	-2.85010	-16.33328	 0.05851	 0.17595	-0.78983	
 0.41888	 1.22173	 3.14159	-11.08245	-2.57491	-16.17133	 0.06066	 0.19126	-0.78913	
 0.41888	 1.22173	 3.66519	-10.53615	-0.93585	-16.32274	 0.09232	 0.18235	-0.79028	
 0.41888	 1.22173	 4.18879	-11.91762	-0.76171	-16.05967	 0.09218	 0.20920	-0.79122	
 0.41888	 1.22173	 4.71239	-10.71217	 0.11212	-16.35105	 0.11042	 0.18089	-0.79452	
 0.41888	 1.22173	 5.23599	-11.18736	-0.02917	-16.29781	 0.10567	 0.18882	-0.79287	
 0.41888	 1.22173	 5.75959	-10.85981	-1.18656	-16.56424	 0.08166	 0.17904	-0.79179	
 0.62832	 1.22173	 6.28319	-12.03150	-1.88934	-16.24250	 0.07068	 0.20240	-0.78923	
 0.62832	 1.22173	 5.75959	-10.86204	-1.32038	-16.53897	 0.08151	 0.17758	-0.79166	
 0.62832	 1.22173	 5.23599	-11.09510	-0.18581	-16.35936	 0.10379	 0.18486	-0.79362	
 0.62832	 1.22173	 4.71239	-10.66505	 0.09036	-16.30921	 0.11098	 0.17935	-0.79419	
 0.62832	 1.22173	 4.18879	-11.94818	-0.95770	-16.11642	 0.09000	 0.20833	-0.79026	
 0.62832	 1.22173	 3.66519	-10.69439	-0.64168	-16.40096	 0.09724	 0.18420	-0.78972	
 0.62832	 1.22173	 3.14159	-11.06676	-2.64773	-16.21539	 0.05939	 0.19000	-0.78943	
 0.62832	 1.22173	 2.61799	-10.52544	-2.52052	-16.33576	 0.06431	 0.17580	-0.79020	
 0.62832	 1.22173	 2.09440	-10.34864	-1.99373	-16.41151	 0.07692	 0.17024	-0.78964	
 0.62832	 1.22173	 1.57080	-9.14769	-0.71619	-16.68919	 0.10495	 0.14414	-0.79096	
 0.62832	 1.22173	 1.04720	-11.08268	-0.70177	-16.25736	 0.10486	 0.18337	-0.79436	
 0.62832	 1.22173	 0.52360	-10.64635	 0.64893	-16.31362	 0.12830	 0.17647	-0.79455	
 0.83776	 1.22173	 0.00000	-11.79461	-1.45724	-16.34182	 0.07967	 0.19848	-0.78960	
 0.83776	 1.22173	 0.52360	-10.55256	 0.49988	-16.38083	 0.12553	 0.17604	-0.79371	
 0.83776	 1.22173	 1.04720	-11.21418	-0.55024	-16.22491	 0.10796	 0.18845	-0.79383	
 0.83776	 1.22173	 1.57080	-9.33029	-0.92232	-16.62670	 0.10101	 0.14850	-0.79066	
 0.83776	 1.22173	 2.09440	-10.26909	-2.00555	-16.51258	 0.07568	 0.16611	-0.78950	
 0.83776	 1.22173	 2.61799	-10.54185	-2.91961	-16.44088	 0.05443	 0.17474	-0.78955	
 0.83776	 1.22173	 3.14159	-11.19450	-2.50305	-16.30203	 0.05894	 0.19148	-0.78872	
 0.83776	 1.22173	 3.66519	-10.74198	-0.90258	-16.40209	 0.09044	 0.18441	-0.78954	
 0.83776	 1.22173	 4.18879	-12.10382	-0.86214	-16.15090	 0.09192	 0.21193	-0.79052	
 0.83776	 1.22173	 4.71239	-10.79982	-0.15320	-16.39171	 0.10706	 0.18092	-0.79386	
 0.83776	 1.22173	 5.23599	-11.26209	-0.45800	-16.35191	 0.09887	 0.18854	-0.79247	
 0.83776	 1.22173	 5.75959	-10.72460	-1.33606	-16.54382	 0.08082	 0.17593	-0.79203	
 1.04720	 1.22173	 6.28319	-11.91119	-1.86377	-16.43272	 0.06715	 0.20307	-0.78992	
 1.04720	 1.22173	 5.75959	-10.72651	-1.33354	-16.68492	 0.07906	 0.17699	-0.79262	
 1.04720	 1.22173	 5.23599	-11.12206	-0.57804	-16.55428	 0.09688	 0.18714	-0.79301	
 1.04720	 1.22173	 4.71239	-10.80958	-0.08647	-16.51348	 0.10906	 0.18071	-0.79453	
 1.04720	 1.22173	 4.18879	-12.15848	-0.88542	-16.22467	 0.09281	 0.21293	-0.79094	
 1.04720	 1.22173	 3.66519	-10.85280	-0.65562	-16.43676	 0.09599	 0.18616	-0.79054	
 1.04720	 1.22173	 3.14159	-11.27743	-2.54303	-16.42383	 0.05909	 0.19119	-0.78945	
 1.04720	 1.22173	 2.61799	-10.53007	-2.11619	-16.55767	 0.06846	 0.17341	-0.79062	
 1.04720	 1.22173	 2.09440	-10.40030	-1.82721	-16.55610	 0.07728	 0.16828	-0.79000	
 1.04720	 1.22173	 1.57080	-9.24713	-0.98210	-16.74099	 0.09684	 0.14510	-0.79127	
 1.04720	 1.22173	 1.04720	-11.18774	-0.47293	-16.39693	 0.10522	 0.18772	-0.79415	
 1.04720	 1.22173	 0.52360	-10.29475	 0.51499	-16.61481	 0.12178	 0.17219	-0.79426	
 1.25664	 1.22173	 0.00000	-11.90782	-1.93032	-16.52232	 0.06496	 0.20502	-0.79032	
 1.25664	 1.22173	 0.52360	-10.27482	 0.38818	-16.70821	 0.11634	 0.17321	-0.79390	
 1.25664	 1.22173	 1.04720	-11.32578	-0.52943	-16.51178	 0.10196	 0.18992	-0.79474	
 1.25664	 1.22173	 1.57080	-9.30678	-1.13325	-16.83790	 0.09123	 0.14378	-0.79118	
 1.25664	 1.22173	 2.09440	-10.45449	-1.79914	-16.63764	 0.07570	 0.16593	-0.78985	
 1.25664	 1.22173	 2.61799	-10.62980	-2.37413	-16.55071	 0.06371	 0.17239	-0.78968	
 1.25664	 1.22173	 3.14159	-11.45047	-2.45868	-16.47360	 0.06179	 0.19421	-0.78946	
 1.25664	 1.22173	 3.66519	-10.91204	-0.90867	-16.43984	 0.09407	 0.18595	-0.78977	
 1.25664	 1.22173	 4.18879	-12.26474	-0.89195	-16.21538	 0.09557	 0.21474	-0.79128	
 1.25664	 1.22173	 4.71239	-10.84193	-0.12539	-16.50413	 0.11093	 0.18359	-0.79402	
 1.25664	 1.22173	 5.23599	-11.13404	-0.35745	-16.55789	 0.10004	 0.19026	-0.79318	
 1.25664	 1.22173	 5.75959	-10.61723	-1.50296	-16.66264	 0.07408	 0.17866	-0.79236	
 1.46608	 1.22173	 6.28319	-11.74818	-1.86294	-16.13703	 0.06909	 0.20218	-0.79048	
 1.46608	 1.22173	 5.75959	-10.65342	-1.47165	-16.42602	 0.07732	 0.17895	-0.79256	
 1.46608	 1.22173	 5.23599	-11.07091	-0.53720	-16.43298	 0.09663	 0.18759	-0.79321	
 1.46608	 1.22173	 4.71239	-10.86212	-0.13722	-16.25494	 0.10793	 0.18161	-0.79422	
 1.46608	 1.22173	 4.18879	-12.28434	-0.97973	-16.00402	 0.09254	 0.21261	-0.79146	
 1.46608	 1.22173	 3.66519	-11.00175	-0.61797	-16.25285	 0.09872	 0.18572	-0.79057	
 1.46608	 1.22173	 3.14159	-11.42861	-2.39497	-16.28029	 0.06267	 0.19304	-0.78972	
 1.46608	 1.22173	 2.61799	-10.65663	-1.88382	-16.29208	 0.07137	 0.17556	-0.79062	
 1.46608	 1.22173	 2.09440	-10.50608	-1.57354	-16.37568	 0.07730	 0.16992	-0.79085	
 1.46608	 1.22173	 1.57080	-9.18241	-0.85854	-16.66082	 0.09368	 0.14334	-0.79138	
 1.46608	 1.22173	 1.04720	-11.10587	-0.39891	-16.36255	 0.10420	 0.18597	-0.79424	
 1.46608	 1.22173	 0.52360	-10.17991	 0.55432	-16.41908	 0.12283	 0.16995	-0.79412	
 1.67552	 1.22173	 0.00000	-11.77368	-1.80361	-16.14962	 0.07145	 0.20273	-0.78910	
 1.67552	 1.22173	 0.52360	-10.16923	 0.51662	-16.28599	 0.12221	 0.17095	-0.79436	
 1.67552	 1.22173	 1.04720	-11.21249	-0.37354	-16.23976	 0.10496	 0.18933	-0.79474	
 1.67552	 1.22173	 1.57080	-9.37872	-1.02924	-16.61281	 0.09053	 0.14771	-0.79127	
 1.67552	 1.22173	 2.09440	-10.47246	-1.80541	-16.37297	 0.07301	 0.16847	-0.78882	
 1.67552	 1.22173	 2.61799	-10.64045	-2.46961	-16.27415	 0.06009	 0.17305	-0.79059	
 1.67552	 1.22173	 3.14159	-11.47525	-2.66969	-16.21328	 0.05565	 0.19221	-0.78979	
 1.67552	 1.22173	 3.66519	-11.04638	-0.90083	-16.23496	 0.09258	 0.18498	-0.78998	
 1.67552	 1.22173	 4.18879	-12.34737	-1.16288	-15.99626	 0.08836	 0.21314	-0.79033	
 1.67552	 1.22173	 4.71239	-10.91030	-0.33495	-16.24669	 0.10524	 0.18265	-0.79463	
 1.67552	 1.22173	 5.23599	-11.21697	-0.45811	-16.29718	 0.09909	 0.19168	-0.79358	
 1.67552	 1.22173	 5.75959	-10.60882	-1.45343	-16.46732	 0.07836	 0.17907	-0.79263	
 1.88496	 1.22173	 6.28319	-11.64461	-1.59163	-16.07675	 0.07406	 0.19989	-0.79056	
 1.88496	 1.22173	 5.75959	-10.52852	-1.37826	-16.41411	 0.07917	 0.17621	-0.79274	
 1.88496	 1.22173	 5.23599	-11.00516	-0.64875	-16.30620	 0.09568	 0.18452	-0.79323	
 1.88496	 1.22173	 4.71239	-10.83786	-0.30438	-16.21994	 0.10477	 0.18059	-0.79527	
 1.88496	 1.22173	 4.18879	-12.28943	-1.14090	-15.87795	 0.08803	 0.21161	-0.79182	
 1.88496	 1.22173	 3.66519	-11.11633	-0.71802	-16.18155	 0.09603	 0.18708	-0.79089	
 1.88496	 1.22173	 3.14159	-11.61233	-2.37535	-16.11518	 0.06030	 0.19549	-0.78949	
 1.88496	 1.22173	 2.61799	-10.84201	-1.78397	-16.17991	 0.07175	 0.17789	-0.79100	
 1.88496	 1.22173	 2.09440	-10.68254	-1.52517	-16.24996	 0.07762	 0.17383	-0.79031	
 1.88496	 1.22173	 1.57080	-9.26391	-0.68432	-16.54745	 0.09678	 0.14521	-0.79162	
 1.88496	 1.22173	 1.04720	-11.03022	-0.22347	-16.14111	 0.10805	 0.18567	-0.79433	
 1.88496	 1.22173	 0.52360	-10.06786	 0.73931	-16.22271	 0.12639	 0.16916	-0.79443	
 2.09440	 1.22173	 0.00000	-11.72496	-1.71568	-16.06163	 0.07479	 0.19993	-0.79040	
 2.09440	 1.22173	 0.52360	-9.97601	 0.64577	-16.22618	 0.12502	 0.16894	-0.79280	
 2.09440	 1.22173	 1.04720	-11.17828	-0.17743	-16.13549	 0.10894	 0.18996	-0.79388	
 2.09440	 1.22173	 1.57080	-9.45142	-0.90919	-16.55133	 0.09371	 0.15032	-0.79236	
 2.09440	 1.22173	 2.09440	-10.74889	-1.64508	-16.21109	 0.07549	 0.17585	-0.78909	
 2.09440	 1.22173	 2.61799	-11.01198	-2.05409	-16.19375	 0.06606	 0.18107	-0.78869	
 2.09440	 1.22173	 3.14159	-11.75399	-2.43008	-16.17590	 0.05777	 0.19882	-0.78863	
 2.09440	 1.22173	 3.66519	-11.07676	-1.04300	-16.25958	 0.08794	 0.18622	-0.79166	
 2.09440	 1.22173	 4.18879	-12.31627	-1.18093	-15.90280	 0.08658	 0.21159	-0.79179	
 2.09440	 1.22173	 4.71239	-10.90395	-0.43865	-16.23380	 0.10380	 0.18132	-0.79391	
 2.09440	 1.22173	 5.23599	-11.02202	-0.47643	-16.26921	 0.09915	 0.18560	-0.79302	
 2.09440	 1.22173	 5.75959	-10.42696	-1.38816	-16.38940	 0.07991	 0.17288	-0.79400	
 2.30383	 1.22173	 6.28319	-11.45018	-1.64490	-16.07380	 0.07512	 0.19527	-0.79016	
 2.30383	 1.22173	 5.75959	-10.40191	-1.40492	-16.51919	 0.08120	 0.17060	-0.79365	
 2.30383	 1.22173	 5.23599	-10.83782	-0.58613	-16.55051	 0.09731	 0.17829	-0.79424	
 2.30383	 1.22173	 4.71239	-10.77018	-0.31716	-16.33944	 0.10411	 0.17775	-0.79430	
 2.30383	 1.22173	 4.18879	-12.35665	-1.25584	-15.95538	 0.08338	 0.21164	-0.79174	
 2.30383	 1.22173	 3.66519	-11.23768	-0.88875	-16.45612	 0.08737	 0.18951	-0.79077	
 2.30383	 1.22173	 3.14159	-11.75826	-2.52191	-16.46446	 0.05195	 0.19988	-0.78993	
 2.30383	 1.22173	 2.61799	-10.96676	-1.78397	-16.37128	 0.06973	 0.18150	-0.79021	
 2.30383	 1.22173	 2.09440	-10.81462	-1.37705	-16.25087	 0.07937	 0.17754	-0.79052	
 2.30383	 1.22173	 1.57080	-9.34981	-0.51139	-16.64625	 0.10051	 0.14959	-0.79144	
 2.30383	 1.22173	 1.04720	-11.08581	-0.00431	-16.29933	 0.11328	 0.18880	-0.79456	
 2.30383	 1.22173	 0.52360	-10.03020	 0.97555	-16.26768	 0.13065	 0.16922	-0.79319	
 2.51327	 1.22173	 0.00000	-11.62290	-1.63180	-16.26576	 0.07714	 0.19703	-0.79055	
 2.51327	 1.22173	 0.52360	-10.05041	 0.82782	-16.53668	 0.12965	 0.17138	-0.79410	
 2.51327	 1.22173	 1.04720	-11.22083	-0.00739	-16.55587	 0.11457	 0.19499	-0.79340	
 2.51327	 1.22173	 1.57080	-9.53075	-0.69573	-16.78645	 0.09706	 0.15448	-0.79036	
 2.51327	 1.22173	 2.09440	-10.66250	-1.56236	-16.55717	 0.07514	 0.17655	-0.78899	
 2.51327	 1.22173	 2.61799	-11.09028	-2.07988	-16.62119	 0.06121	 0.18438	-0.79002	
 2.51327	 1.22173	 3.14159	-11.90240	-2.55388	-16.86120	 0.04566	 0.20398	-0.78874	
 2.51327	 1.22173	 3.66519	-11.25800	-1.18945	-16.74351	 0.07763	 0.19078	-0.78941	
 2.51327	 1.22173	 4.18879	-12.42280	-1.28349	-16.30513	 0.08078	 0.21206	-0.79167	
 2.51327	 1.22173	 4.71239	-10.84244	-0.40544	-16.62058	 0.10329	 0.17702	-0.79498	
 2.51327	 1.22173	 5.23599	-10.97052	-0.50327	-16.73442	 0.09992	 0.18008	-0.79343	
 2.51327	 1.22173	 5.75959	-10.29914	-1.41149	-16.69180	 0.08098	 0.16850	-0.79290	
 2.72271	 1.22173	 6.28319	-11.39135	-1.63643	-16.57323	 0.07738	 0.19472	-0.78997	
 2.72271	 1.22173	 5.75959	-10.27649	-1.36206	-16.83260	 0.08172	 0.16683	-0.79355	
 2.72271	 1.22173	 5.23599	-10.70467	-0.66740	-16.90313	 0.09681	 0.17376	-0.79438	
 2.72271	 1.22173	 4.71239	-10.81689	-0.47737	-16.78018	 0.10234	 0.17441	-0.79509	
 2.72271	 1.22173	 4.18879	-12.48072	-1.32140	-16.53667	 0.07973	 0.21015	-0.79153	
 2.72271	 1.22173	 3.66519	-11.34679	-1.00248	-16.90765	 0.08085	 0.19261	-0.79060	
 2.72271	 1.22173	 3.14159	-11.97470	-2.57284	-16.91911	 0.04607	 0.20427	-0.78971	
 2.72271	 1.22173	 2.61799	-11.14078	-1.68522	-16.76368	 0.06527	 0.18559	-0.79107	
 2.72271	 1.22173	 2.09440	-10.81554	-1.25477	-16.73826	 0.07813	 0.18128	-0.78898	
 2.72271	 1.22173	 1.57080	-9.39644	-0.37271	-16.91224	 0.10273	 0.15140	-0.79086	
 2.72271	 1.22173	 1.04720	-11.07962	 0.21740	-16.68897	 0.11887	 0.19227	-0.79426	
 2.72271	 1.22173	 0.52360	-9.99188	 1.06130	-16.62415	 0.13433	 0.17179	-0.79403	
 2.93215	 1.22173	 0.00000	-11.55018	-1.57766	-16.33292	 0.07770	 0.19852	-0.79003	
 2.93215	 1.22173	 0.52360	-10.03851	 0.92304	-16.52470	 0.12886	 0.17243	-0.79332	
 2.93215	 1.22173	 1.04720	-11.19953	 0.10941	-16.60302	 0.11414	 0.19357	-0.79455	
 2.93215	 1.22173	 1.57080	-9.59917	-0.60367	-16.80622	 0.09513	 0.15470	-0.79049	
 2.93215	 1.22173	 2.09440	-10.72502	-1.54581	-16.67277	 0.07258	 0.17559	-0.78882	
 2.93215	 1.22173	 2.61799	-10.97858	-2.29640	-16.69954	 0.05566	 0.17905	-0.78975	
 2.93215	 1.22173	 3.14159	-11.90475	-2.69438	-16.86379	 0.04443	 0.20128	-0.78972	
 2.93215	 1.22173	 3.66519	-11.33578	-1.39289	-16.68074	 0.07654	 0.18860	-0.78997	
 2.93215	 1.22173	 4.18879	-12.46800	-1.44299	-16.33242	 0.07967	 0.21160	-0.79137	
 2.93215	 1.22173	 4.71239	-10.94258	-0.59435	-16.62550	 0.10023	 0.18017	-0.79397	
 2.93215	 1.22173	 5.23599	-11.07627	-0.52557	-16.81638	 0.09864	 0.18430	-0.79361	
 2.93215	 1.22173	 5.75959	-10.39694	-1.27803	-16.63927	 0.08333	 0.17318	-0.79252	
 3.14159	 1.22173	 6.28319	-11.33383	-1.47971	-16.36733	 0.07625	 0.19773	-0.78929	
 3.14159	 1.22173	 5.75959	-10.31005	-1.29615	-16.70759	 0.08311	 0.17381	-0.79297	
 3.14159	 1.22173	 5.23599	-10.74327	-0.70487	-16.82855	 0.09660	 0.17919	-0.79371	
 3.14159	 1.22173	 4.71239	-10.75218	-0.57131	-16.65580	 0.10240	 0.17659	-0.79528	
 3.14159	 1.22173	 4.18879	-12.39119	-1.39801	-16.24018	 0.08358	 0.20939	-0.79102	
 3.14159	 1.22173	 3.66519	-11.36549	-1.01548	-16.51201	 0.08864	 0.18784	-0.79070	
 3.14159	 1.22173	 3.14159	-12.08017	-2.48252	-16.66526	 0.05360	 0.20126	-0.78948	
 3.14159	 1.22173	 2.61799	-11.28083	-1.61568	-16.66963	 0.06865	 0.18437	-0.79106	
 3.14159	 1.22173	 2.09440	-11.00414	-1.25684	-16.59494	 0.07531	 0.17985	-0.78887	
 3.14159	 1.22173	 1.57080	-9.51261	-0.34324	-16.84209	 0.09709	 0.15091	-0.79146	
 3.14159	 1.22173	 1.04720	-11.05231	 0.32389	-16.62392	 0.11435	 0.18893	-0.79436	
 3.14159	 1.22173	 0.52360	-10.00178	 1.17207	-16.62256	 0.13158	 0.17139	-0.79397	
 3.35103	 1.22173	 0.00000	-11.45535	-1.45559	-16.30391	 0.07634	 0.20055	-0.78985	
 3.35103	 1.22173	 0.52360	-10.04345	 1.08978	-16.59101	 0.12863	 0.17255	-0.79408	
 3.35103	 1.22173	 1.04720	-11.27714	 0.26865	-16.49661	 0.11046	 0.19223	-0.79511	
 3.35103	 1.22173	 1.57080	-9.70290	-0.42216	-16.77992	 0.09320	 0.15437	-0.79128	
 3.35103	 1.22173	 2.09440	-11.05640	-1.26974	-16.59653	 0.07422	 0.17890	-0.78938	
 3.35103	 1.22173	 2.61799	-11.28973	-1.92606	-16.71542	 0.06308	 0.18361	-0.78997	
 3.35103	 1.22173	 3.14159	-12.13596	-2.38965	-16.62246	 0.05655	 0.20262	-0.78968	
 3.35103	 1.22173	 3.66519	-11.39225	-1.22615	-16.48288	 0.08546	 0.18696	-0.79056	
 3.35103	 1.22173	 4.18879	-12.46244	-1.40001	-16.30534	 0.08507	 0.21171	-0.79218	
 3.35103	 1.22173	 4.71239	-10.80749	-0.56699	-16.71862	 0.10197	 0.17939	-0.79513	
 3.35103	 1.22173	 5.23599	-10.87093	-0.53289	-16.79074	 0.09820	 0.18458	-0.79405	
 3.35103	 1.22173	 5.75959	-10.14842	-1.32503	-16.63326	 0.08114	 0.17280	-0.79320	
 3.56047	 1.22173	 6.28319	-11.36260	-1.50288	-16.51433	 0.07329	 0.19652	-0.79122	
 3.56047	 1.22173	 5.75959	-10.16437	-1.19511	-16.77976	 0.07966	 0.17551	-0.79373	
 3.56047	 1.22173	 5.23599	-10.69007	-0.72407	-16.97140	 0.09122	 0.18337	-0.79420	
 3.56047	 1.22173	 4.71239	-10.82886	-0.53151	-16.92591	 0.09809	 0.17997	-0.79583	
 3.56047	 1.22173	 4.18879	-12.44017	-1.39015	-16.48715	 0.08296	 0.21189	-0.79185	
 3.56047	 1.22173	 3.66519	-11.39155	-1.10885	-16.75891	 0.09286	 0.18984	-0.79138	
 3.56047	 1.22173	 3.14159	-12.18752	-2.52132	-16.79941	 0.05911	 0.20388	-0.78977	
 3.56047	 1.22173	 2.61799	-11.31830	-1.49406	-16.87194	 0.07278	 0.18632	-0.79189	
 3.56047	 1.22173	 2.09440	-11.05220	-1.18985	-16.75872	 0.07694	 0.17991	-0.79001	
 3.56047	 1.22173	 1.57080	-9.67167	-0.20676	-16.98884	 0.09668	 0.14764	-0.79193	
 3.56047	 1.22173	 1.04720	-11.10584	 0.47979	-16.60357	 0.11335	 0.18555	-0.79480	
 3.56047	 1.22173	 0.52360	-10.04185	 1.18626	-16.74578	 0.13126	 0.16854	-0.79518	
 3.76991	 1.22173	 0.00000	-11.67504	-1.45271	-16.15820	 0.07742	 0.20342	-0.78982	
 3.76991	 1.22173	 0.52360	-10.14709	 0.99090	-16.57654	 0.12785	 0.17227	-0.79633	
 3.76991	 1.22173	 1.04720	-11.36995	 0.34538	-16.31790	 0.11009	 0.19241	-0.79523	
 3.76991	 1.22173	 1.57080	-9.93114	-0.41821	-16.67272	 0.09160	 0.15580	-0.79152	
 3.76991	 1.22173	 2.09440	-11.00710	-1.31225	-16.52633	 0.07151	 0.17996	-0.78867	
 3.76991	 1.22173	 2.61799	-11.19206	-1.81406	-16.67257	 0.06541	 0.18431	-0.79225	
 3.76991	 1.22173	 3.14159	-12.16083	-2.39922	-16.42107	 0.05760	 0.20269	-0.79055	
 3.76991	 1.22173	 3.66519	-11.36244	-1.25904	-16.44462	 0.08568	 0.18662	-0.79142	
 3.76991	 1.22173	 4.18879	-12.47307	-1.25123	-16.30596	 0.08442	 0.21158	-0.79137	
 3.76991	 1.22173	 4.71239	-10.92693	-0.41742	-16.76995	 0.09990	 0.18198	-0.79686	
 3.76991	 1.22173	 5.23599	-10.88173	-0.42021	-16.57353	 0.09755	 0.18736	-0.79465	
 3.76991	 1.22173	 5.75959	-10.11452	-1.20009	-16.56919	 0.08215	 0.17349	-0.79369	
 3.97935	 1.22173	 6.28319	-11.50985	-1.46647	-16.30841	 0.07573	 0.20132	-0.78967	
 3.97935	 1.22173	 5.75959	-10.25676	-1.10368	-16.46791	 0.08451	 0.17473	-0.79216	
 3.97935	 1.22173	 5.23599	-10.81174	-0.48846	-16.44928	 0.09859	 0.18247	-0.79569	
 3.97935	 1.22173	 4.71239	-10.83685	-0.32800	-16.62308	 0.10357	 0.17793	-0.79567	
 3.97935	 1.22173	 4.18879	-12.40154	-1.24153	-16.25427	 0.08508	 0.20854	-0.79098	
 3.97935	 1.22173	 3.66519	-11.32114	-0.98686	-16.37582	 0.08982	 0.18621	-0.79071	
 3.97935	 1.22173	 3.14159	-12.03870	-2.43663	-16.36114	 0.05548	 0.20025	-0.79239	
 3.97935	 1.22173	 2.61799	-11.16025	-1.51058	-16.57772	 0.06893	 0.18399	-0.79182	
 3.97935	 1.22173	 2.09440	-11.02596	-1.28151	-16.52668	 0.07099	 0.18073	-0.78889	
 3.97935	 1.22173	 1.57080	-9.73719	-0.30861	-16.64143	 0.09414	 0.15356	-0.79125	
 3.97935	 1.22173	 1.04720	-11.24294	 0.37445	-16.22107	 0.11155	 0.19078	-0.79710	
 3.97935	 1.22173	 0.52360	-10.25336	 1.09144	-16.42391	 0.12887	 0.17559	-0.79511	
 4.18879	 1.22173	 0.00000	-11.88783	-1.44319	-16.21654	 0.07876	 0.20653	-0.79130	
 4.18879	 1.22173	 0.52360	-10.41241	 0.90583	-16.39559	 0.12634	 0.17721	-0.79510	
 4.18879	 1.22173	 1.04720	-11.50875	 0.17243	-16.20914	 0.10915	 0.19650	-0.79440	
 4.18879	 1.22173	 1.57080	-9.69750	-0.54782	-16.61693	 0.08854	 0.15745	-0.79020	
 4.18879	 1.22173	 2.09440	-11.03569	-1.50901	-16.49130	 0.06710	 0.18229	-0.78905	
 4.18879	 1.22173	 2.61799	-11.10494	-1.87715	-16.45642	 0.06216	 0.18318	-0.79073	
 4.18879	 1.22173	 3.14159	-11.97567	-2.27510	-16.24558	 0.05577	 0.20091	-0.79016	
 4.18879	 1.22173	 3.66519	-11.41151	-0.95105	-16.31806	 0.08708	 0.18594	-0.79094	
 4.18879	 1.22173	 4.18879	-12.46355	-1.05797	-16.18126	 0.08671	 0.20865	-0.79264	
 4.18879	 1.22173	 4.71239	-10.99331	-0.23901	-16.46077	 0.10398	 0.18034	-0.79518	
 4.18879	 1.22173	 5.23599	-11.10340	-0.17669	-16.28687	 0.10307	 0.18726	-0.79407	
 4.18879	 1.22173	 5.75959	-10.39374	-1.22902	-16.38143	 0.08375	 0.17598	-0.79217	
 4.39823	 1.22173	 6.28319	-11.62121	-1.59624	-16.28575	 0.07594	 0.20344	-0.79217	
 4.39823	 1.22173	 5.75959	-10.58002	-1.00587	-16.34752	 0.08667	 0.17975	-0.79271	
 4.39823	 1.22173	 5.23599	-10.98029	-0.22569	-16.35899	 0.10180	 0.18385	-0.79363	
 4.39823	 1.22173	 4.71239	-10.95266	-0.11335	-16.43668	 0.10503	 0.17941	-0.79558	
 4.39823	 1.22173	 4.18879	-12.51832	-1.05341	-16.24546	 0.08517	 0.20749	-0.79354	
 4.39823	 1.22173	 3.66519	-11.24658	-0.75477	-16.39923	 0.09005	 0.18409	-0.79127	
 4.39823	 1.22173	 3.14159	-11.84821	-2.43509	-16.29056	 0.05302	 0.19901	-0.79013	
 4.39823	 1.22173	 2.61799	-11.04901	-1.53968	-16.45191	 0.06738	 0.18414	-0.79197	
 4.39823	 1.22173	 2.09440	-10.97072	-1.22010	-16.55360	 0.06865	 0.18321	-0.79205	
 4.39823	 1.22173	 1.57080	-9.69757	-0.49036	-16.59866	 0.08865	 0.15545	-0.79077	
 4.39823	 1.22173	 1.04720	-11.46693	 0.23216	-16.24724	 0.11027	 0.19543	-0.79427	
 4.39823	 1.22173	 0.52360	-10.51776	 0.96825	-16.35290	 0.12747	 0.17856	-0.79511	
 4.60767	 1.22173	 0.00000	-12.29406	-1.36445	-16.23328	 0.08126	 0.21387	-0.78892	
 4.60767	 1.22173	 0.52360	-10.58598	 0.82190	-16.47697	 0.12561	 0.18052	-0.79563	
 4.60767	 1.22173	 1.04720	-11.73279	 0.09820	-16.38202	 0.10644	 0.20200	-0.79365	
 4.60767	 1.22173	 1.57080	-9.95808	-0.97561	-16.93371	 0.08041	 0.16260	-0.79090	
 4.60767	 1.22173	 2.09440	-10.97529	-1.74434	-16.77146	 0.05757	 0.18447	-0.78890	
 4.60767	 1.22173	 2.61799	-11.04774	-1.85211	-16.66319	 0.06024	 0.18412	-0.79252	
 4.60767	 1.22173	 3.14159	-11.89264	-2.32730	-16.44653	 0.05299	 0.19875	-0.78948	
 4.60767	 1.22173	 3.66519	-11.10932	-0.78014	-16.53254	 0.08660	 0.18201	-0.79051	
 4.60767	 1.22173	 4.18879	-12.32669	-0.71988	-16.37959	 0.08799	 0.20556	-0.79207	
 4.60767	 1.22173	 4.71239	-11.05171	-0.02703	-16.47156	 0.10445	 0.18113	-0.79603	
 4.60767	 1.22173	 5.23599	-11.18978	 0.02007	-16.48027	 0.10594	 0.18887	-0.79283	
 4.60767	 1.22173	 5.75959	-10.71713	-0.95368	-16.57099	 0.08743	 0.18034	-0.79182	
 4.81711	 1.22173	 6.28319	-12.16639	-1.41987	-16.59206	 0.07807	 0.20968	-0.78882	
 4.81711	 1.22173	 5.75959	-10.82279	-0.83106	-16.83495	 0.09095	 0.18248	-0.79214	
 4.81711	 1.22173	 5.23599	-11.18850	-0.18238	-16.74320	 0.10428	 0.18606	-0.79367	
 4.81711	 1.22173	 4.71239	-10.92254	 0.08296	-16.86958	 0.10692	 0.17598	-0.79403	
 4.81711	 1.22173	 4.18879	-12.21811	-0.72136	-16.56412	 0.08660	 0.20496	-0.79133	
 4.81711	 1.22173	 3.66519	-11.04984	-0.63177	-16.79328	 0.08957	 0.17998	-0.79061	
 4.81711	 1.22173	 3.14159	-11.79979	-2.23466	-16.74475	 0.05247	 0.19522	-0.79141	
 4.81711	 1.22173	 2.61799	-10.99858	-1.67616	-16.83657	 0.06049	 0.18336	-0.79026	
 4.81711	 1.22173	 2.09440	-11.00654	-1.82994	-17.18543	 0.05746	 0.18749	-0.78915	
 4.81711	 1.22173	 1.57080	-9.88335	-0.81062	-17.35171	 0.08006	 0.16276	-0.79137	
 4.81711	 1.22173	 1.04720	-11.46234	 0.10879	-16.75535	 0.10593	 0.19910	-0.79497	
 4.81711	 1.22173	 0.52360	-10.72027	 0.97533	-16.73304	 0.12791	 0.18559	-0.79238	
 5.02655	 1.22173	 0.00000	-12.43555	-1.37454	-16.59009	 0.07836	 0.21286	-0.78777	
 5.02655	 1.22173	 0.52360	-10.80524	 0.88296	-16.79527	 0.12323	 0.18360	-0.79218	
 5.02655	 1.22173	 1.04720	-11.71326	-0.05245	-16.64190	 0.10162	 0.20322	-0.79569	
 5.02655	 1.22173	 1.57080	-9.79055	-1.14305	-17.39594	 0.07453	 0.16381	-0.79285	
 5.02655	 1.22173	 2.09440	-10.86678	-1.85703	-17.18429	 0.05785	 0.18266	-0.78724	
 5.02655	 1.22173	 2.61799	-10.91576	-2.06810	-16.91271	 0.05720	 0.18088	-0.78801	
 5.02655	 1.22173	 3.14159	-11.64329	-2.10286	-16.65210	 0.05354	 0.19484	-0.78986	
 5.02655	 1.22173	 3.66519	-11.09914	-0.51533	-16.88601	 0.08709	 0.18070	-0.79256	
 5.02655	 1.22173	 4.18879	-12.38319	-0.63247	-16.56184	 0.08797	 0.20970	-0.79085	
 5.02655	 1.22173	 4.71239	-10.99533	 0.12788	-16.78817	 0.10617	 0.18167	-0.79344	
 5.02655	 1.22173	 5.23599	-11.44816	 0.12336	-16.68763	 0.10731	 0.19289	-0.79359	
 5.02655	 1.22173	 5.75959	-11.02277	-0.95784	-17.04325	 0.09023	 0.18533	-0.79291	
 5.23599	 1.22173	 6.28319	-12.22883	-1.96319	-16.62130	 0.06831	 0.20866	-0.78387	
 5.23599	 1.22173	 5.75959	-11.06791	-0.85311	-16.91154	 0.08793	 0.18449	-0.79069	
 5.23599	 1.22173	 5.23599	-11.24588	 0.02708	-16.64566	 0.10311	 0.18865	-0.79014	
 5.23599	 1.22173	 4.71239	-11.09469	 0.14334	-16.67315	 0.10654	 0.18282	-0.79596	
 5.23599	 1.22173	 4.18879	-12.69802	-0.46473	-16.51921	 0.09043	 0.21223	-0.78607	
 5.23599	 1.22173	 3.66519	-11.07785	-0.48841	-16.85734	 0.09097	 0.18210	-0.78924	
 5.23599	 1.22173	 3.14159	-11.62504	-2.42841	-16.72459	 0.05391	 0.19539	-0.78644	
 5.23599	 1.22173	 2.61799	-10.85095	-1.66872	-16.85478	 0.06739	 0.18080	-0.79208	
 5.23599	 1.22173	 2.09440	-10.40181	-1.48016	-17.13497	 0.06609	 0.17810	-0.78231	
 5.23599	 1.22173	 1.57080	-9.75149	-0.98040	-17.37668	 0.08152	 0.15919	-0.78972	
 5.23599	 1.22173	 1.04720	-11.71581	-0.04281	-16.69602	 0.10423	 0.19803	-0.79171	
 5.23599	 1.22173	 0.52360	-10.80089	 0.80496	-16.75250	 0.12205	 0.18150	-0.79492	
 5.44543	 1.22173	 0.00000	-12.61228	-1.79637	-16.63148	 0.06861	 0.21306	-0.78259	
 5.44543	 1.22173	 0.52360	-10.37522	 0.29079	-16.79421	 0.11471	 0.17845	-0.80129	
 5.44543	 1.22173	 1.04720	-11.79535	-0.09039	-16.61568	 0.10278	 0.19963	-0.79356	
 5.44543	 1.22173	 1.57080	-9.98468	-1.23006	-17.10624	 0.08048	 0.15924	-0.78977	
 5.44543	 1.22173	 2.09440	-10.18897	-1.51766	-16.89960	 0.06711	 0.17399	-0.77768	
 5.44543	 1.22173	 2.61799	-10.66454	-1.16197	-16.74569	 0.06872	 0.17820	-0.79618	
 5.44543	 1.22173	 3.14159	-11.75296	-2.21502	-16.56141	 0.05611	 0.19758	-0.78876	
 5.44543	 1.22173	 3.66519	-10.95011	-0.75067	-16.65901	 0.08639	 0.18407	-0.78891	
 5.44543	 1.22173	 4.18879	-12.75437	-0.32167	-16.44934	 0.09174	 0.21558	-0.78340	
 5.44543	 1.22173	 4.71239	-11.69567	-0.04386	-16.60528	 0.10539	 0.19022	-0.80129	
 5.44543	 1.22173	 5.23599	-11.42658	 0.10352	-16.52818	 0.10358	 0.19371	-0.79204	
 5.44543	 1.22173	 5.75959	-11.02048	-0.80001	-16.80401	 0.08362	 0.18322	-0.79034	
 5.65487	 1.22173	 6.28319	-12.41458	-1.50563	-16.68585	 0.06443	 0.21101	-0.78695	
 5.65487	 1.22173	 5.75959	-11.14209	-0.77654	-16.93608	 0.08098	 0.18500	-0.79036	
 5.65487	 1.22173	 5.23599	-11.62778	-0.15905	-16.73286	 0.09916	 0.19205	-0.79709	
 5.65487	 1.22173	 4.71239	-11.65905	 0.51195	-16.71946	 0.11095	 0.18999	-0.79001	
 5.65487	 1.22173	 4.18879	-12.24441	-0.46395	-16.62610	 0.09254	 0.21318	-0.78844	
 5.65487	 1.22173	 3.66519	-10.94133	-0.51260	-16.82576	 0.09290	 0.18620	-0.78896	
 5.65487	 1.22173	 3.14159	-11.56056	-2.11333	-16.69582	 0.05743	 0.19561	-0.79223	
 5.65487	 1.22173	 2.61799	-10.01767	-1.18093	-16.88274	 0.07289	 0.17172	-0.78366	
 5.65487	 1.22173	 2.09440	-10.70440	-1.87880	-16.99184	 0.06756	 0.17432	-0.78601	
 5.65487	 1.22173	 1.57080	-9.82912	-1.09438	-17.26613	 0.08552	 0.15218	-0.79013	
 5.65487	 1.22173	 1.04720	-11.26930	-0.19837	-16.71333	 0.10251	 0.19095	-0.79873	
 5.65487	 1.22173	 0.52360	-10.78816	 0.19773	-16.91517	 0.11313	 0.18162	-0.78996	
 5.86431	 1.22173	 0.00000	-12.72174	-1.31993	-16.59268	 0.06838	 0.21441	-0.78783	
 5.86431	 1.22173	 0.52360	-11.03343	 0.57744	-16.71691	 0.11559	 0.18219	-0.79010	
 5.86431	 1.22173	 1.04720	-11.68135	-0.27067	-16.53090	 0.10276	 0.19644	-0.79566	
 5.86431	 1.22173	 1.57080	-9.97659	-1.37379	-16.94429	 0.08187	 0.15583	-0.78982	
 5.86431	 1.22173	 2.09440	-10.90939	-2.04584	-16.65617	 0.06623	 0.17631	-0.78823	
 5.86431	 1.22173	 2.61799	-10.45606	-1.89497	-16.58077	 0.06548	 0.17421	-0.78505	
 5.86431	 1.22173	 3.14159	-11.59575	-2.04794	-16.33681	 0.05787	 0.19774	-0.78887	
 5.86431	 1.22173	 3.66519	-10.94730	-0.56146	-16.44769	 0.09016	 0.18633	-0.78894	
 5.86431	 1.22173	 4.18879	-12.24595	-0.40491	-16.29718	 0.09230	 0.21490	-0.79032	
 5.86431	 1.22173	 4.71239	-11.20493	 0.44512	-16.57149	 0.10838	 0.18828	-0.79043	
 5.86431	 1.22173	 5.23599	-11.63515	 0.14345	-16.55805	 0.10203	 0.19434	-0.79423	
 5.86431	 1.22173	 5.75959	-11.16916	-0.83497	-16.81280	 0.07860	 0.18455	-0.78984	
 6.07375	 1.22173	 6.28319	-12.41899	-1.36213	-16.47779	 0.06609	 0.20941	-0.78783	
 6.07375	 1.22173	 5.75959	-11.15924	-0.82117	-16.66734	 0.07934	 0.18440	-0.79062	
 6.07375	 1.22173	 5.23599	-11.24325	 0.08263	-16.46979	 0.09955	 0.18849	-0.79202	
 6.07375	 1.22173	 4.71239	-10.97231	 0.34769	-16.45025	 0.10778	 0.18541	-0.79275	
 6.07375	 1.22173	 4.18879	-12.11715	-0.51520	-16.15760	 0.09127	 0.21277	-0.78961	
 6.07375	 1.22173	 3.66519	-10.89099	-0.55456	-16.40795	 0.09294	 0.18702	-0.78903	
 6.07375	 1.22173	 3.14159	-11.53138	-2.54951	-16.35190	 0.05389	 0.19705	-0.78819	
 6.07375	 1.22173	 2.61799	-10.73109	-1.84950	-16.61846	 0.06963	 0.17716	-0.78919	
 6.07375	 1.22173	 2.09440	-10.84913	-2.01574	-16.72527	 0.06778	 0.17581	-0.78811	
 6.07375	 1.22173	 1.57080	-9.89589	-1.15795	-16.99878	 0.08641	 0.15274	-0.78997	
 6.07375	 1.22173	 1.04720	-11.73071	-0.10738	-16.49361	 0.10518	 0.19362	-0.79263	
 6.07375	 1.22173	 0.52360	-11.03589	 0.79815	-16.59188	 0.11887	 0.18097	-0.79192	
 6.28319	 1.04720	 0.00000	-12.71558	-1.32801	-16.53048	 0.06613	 0.21469	-0.78752	
 6.28319	 1.04720	 0.52360	-11.02580	 0.72979	-16.66771	 0.11674	 0.18051	-0.79207	
 6.28319	 1.04720	 1.04720	-11.88454	-0.29657	-16.51671	 0.10364	 0.19517	-0.79263	
 6.28319	 1.04720	 1.57080	-9.96106	-1.44898	-16.98951	 0.08114	 0.15318	-0.78923	
 6.28319	 1.04720	 2.09440	-10.91150	-2.06894	-16.71123	 0.06630	 0.17485	-0.78704	
 6.28319	 1.04720	 2.61799	-10.74337	-2.04238	-16.64797	 0.06578	 0.17702	-0.78811	
 6.28319	 1.04720	 3.14159	-11.49780	-2.29960	-16.41382	 0.05654	 0.19876	-0.78739	
 6.28319	 1.04720	 3.66519	-10.84914	-0.63118	-16.55822	 0.09089	 0.18772	-0.78835	
